0.366523
0.18454
0.079673
0.058353
0.025247
0.034689
0.014674
0.01953
0.011112
0.012901
0.007173
0.01001
0.00633
0.006608
0.005366
0.005592
0.003798
0.005051
0.003244
0.003701
0.002922
0.003306
0.002247
0.00287
0.002256
0.002324
0.001899
0.002112
0.001664
0.001873
0.001538
0.001606
0.001457
0.001457
0.001229
0.001372
0.00121
0.001215
0.001087
0.001151
0.001018
0.001062
0.001013
0.000994
0.000932
0.000957
0.000908
0.000962
0.000801
0.000901
0.000809
0.000856
0.000799
0.000858
0.000804
0.000812
0.000816
0.00075
0.000773
0.000729
0.000703
0.000715
0.00069
0.000672
0.000692
0.000707
0.000691
0.000687
0.000649
0.000636
0.000628
0.000645
0.000657
0.000626
0.00067
0.000673
0.000653
0.000642
0.000615
0.000605
0.000667
0.000619
0.0006
0.000606
0.000656
0.000584
0.000646
0.000567
0.00061
0.000585
0.00062
0.000554
0.00058
0.000602
0.000558
0.000579
0.000541
0.000571
0.000514
0.000553
0.000551
0.000544
0.000535
0.000506
0.000547
0.000543
0.000566
0.00053
0.000518
0.000561
0.000505
0.000497
0.000504
0.000524
0.000515
0.000485
0.000504
0.000528
0.000507
0.000463
0.000483
0.000479
0.000442
0.000457
0.000495
0.000453
0.000458
0.000448
0.000486
0.00045
0.000434
0.000426
0.00044
0.000458
0.000426
0.000423
0.000426
0.000413
0.000413
0.000399
0.000414
0.000387
0.000401
0.000407
0.000413
0.000365
0.000375
0.000392
0.000383
0.000391
0.000361
0.000349
0.000347
0.000384
0.000354
0.000346
0.000345
0.000348
0.00037
0.000328
0.000338
0.000348
0.000335
0.000316
0.00033
0.000313
0.000347
0.000347
0.000312
0.000322
0.000343
0.000291
0.000318
0.000302
0.00032
0.000317
0.000297
0.000302
0.000311
0.000266
0.000287
0.0003
0.000272
0.000278
0.000294
0.000261
0.000245
0.000241
0.000256
0.000277
0.000283
0.000252
0.000236
0.000267
0.000251
0.00022
0.00025
0.000228
0.000233
0.000192
0.00024
0.000231
0.000224
0.000216
0.000233
0.000206
0.00023
0.000181
0.000219
0.000222
0.000208
0.000212
0.000204
0.000187
0.000211
0.000184
0.00018
0.00018
0.000177
0.000169
0.000166
0.000191
0.000187
0.000172
0.000177
0.000149
0.000191
0.000175
0.00015
0.000177
0.000174
0.000168
0.000154
0.000158
0.000177
0.000156
0.000184
0.000148
0.000165
0.000169
0.000146
0.000149
0.000131
0.000146
0.000111
0.00013
0.000128
0.000121
0.000124
0.000131
0.000141
0.000118
0.000108
0.000126
0.00012
0.000148
0.000116
0.000111
0.000109
0.000121
0.000113
0.000122
9.6e-05
0.000132
0.000107
0.000135
0.000125
0.000123
9.9e-05
8.7e-05
9.3e-05
8.6e-05
9.8e-05
0.000103
8.4e-05
0.000106
9.4e-05
0.000113
9.2e-05
8.8e-05
9.3e-05
7.5e-05
8.1e-05
8e-05
7.8e-05
8e-05
6.9e-05
8.2e-05
6.9e-05
9.5e-05
7.4e-05
8.1e-05
8e-05
7.4e-05
6.5e-05
6.1e-05
7.8e-05
6.7e-05
7.8e-05
5.7e-05
6.3e-05
5.7e-05
6.7e-05
7.2e-05
6.5e-05
6.4e-05
5.5e-05
6.7e-05
6.5e-05
5.2e-05
5.2e-05
5.7e-05
5.8e-05
5.7e-05
4.5e-05
5.4e-05
5.3e-05
4.2e-05
6.1e-05
4.7e-05
4.7e-05
4.6e-05
5.7e-05
5.8e-05
5.6e-05
5e-05
2.9e-05
4.2e-05
5.5e-05
4e-05
4.8e-05
3.9e-05
5.3e-05
4.1e-05
4.8e-05
3.7e-05
3.5e-05
4.2e-05
3.9e-05
4.3e-05
4.8e-05
1.9e-05
4.1e-05
3.3e-05
3.4e-05
4.7e-05
3.5e-05
2.5e-05
3e-05
3.5e-05
3.2e-05
3e-05
2.5e-05
2.6e-05
2.9e-05
3.1e-05
2.3e-05
1.8e-05
2.8e-05
2.8e-05
2.9e-05
3e-05
2e-05
1.4e-05
2e-05
3.1e-05
2.6e-05
2.5e-05
2e-05
1.8e-05
1.3e-05
2.7e-05
2.6e-05
2.3e-05
1.3e-05
2.6e-05
2e-05
2.4e-05
1.7e-05
1.7e-05
1.2e-05
2.2e-05
1.7e-05
1.7e-05
1.2e-05
1.6e-05
1.2e-05
2.1e-05
2.5e-05
1.9e-05
1.3e-05
1.5e-05
1.2e-05
1.3e-05
1.6e-05
1.2e-05
1.2e-05
1.1e-05
1.5e-05
1.1e-05
1.9e-05
1.3e-05
6e-06
1.4e-05
1.5e-05
9e-06
1.4e-05
9e-06
1.5e-05
9e-06
1e-05
8e-06
1.1e-05
6e-06
8e-06
8e-06
8e-06
8e-06
1.1e-05
5e-06
7e-06
1.2e-05
9e-06
4e-06
9e-06
9e-06
1e-05
9e-06
5e-06
4e-06
5e-06
6e-06
1e-05
7e-06
1e-05
8e-06
6e-06
5e-06
6e-06
7e-06
8e-06
8e-06
6e-06
4e-06
7e-06
4e-06
4e-06
7e-06
7e-06
3e-06
3e-06
4e-06
2e-06
5e-06
4e-06
3e-06
4e-06
2e-06
8e-06
2e-06
6e-06
2e-06
3e-06
5e-06
1e-06
2e-06
2e-06
0
4e-06
2e-06
3e-06
3e-06
4e-06
1e-06
3e-06
2e-06
2e-06
2e-06
2e-06
6e-06
3e-06
2e-06
2e-06
2e-06
2e-06
1e-06
3e-06
3e-06
2e-06
4e-06
2e-06
2e-06
1e-06
1e-06
4e-06
3e-06
3e-06
2e-06
3e-06
1e-06
3e-06
0
1e-06
1e-06
1e-06
0
3e-06
1e-06
1e-06
1e-06
1e-06
1e-06
1e-06
0
1e-06
5e-06
1e-06
0
3e-06
3e-06
3e-06
0
0
0
0
2e-06
2e-06
0
2e-06
0
0
0
0
2e-06
1e-06
0
0
2e-06
1e-06
0
1e-06
1e-06
0
0
0
1e-06
0
0
0
1e-06
1e-06
0
0
0
2e-06
0
0
1e-06
0
0
0
0
1e-06
0
0
0
0
0
0
0
1e-06
0
0
0
0
0
0
1e-06
0
1e-06
0
0
0
1e-06
0
0
0
0
0
0
0
0
0
0
0
0
0
0
0
0
0
0
0
0
1e-06
0
0
0
0
0
0
0
0
0
0
0
0
1e-06
0
0
0
0
0
0
0
0
0
