0.367
0.185265
0.079655
0.058948
0.025721
0.034541
0.0149
0.019093
0.011446
0.013153
0.007377
0.010316
0.006386
0.006803
0.005587
0.005699
0.00407
0.005128
0.003401
0.003962
0.00311
0.003415
0.002547
0.003034
0.002433
0.002608
0.002171
0.002376
0.001836
0.002083
0.00164
0.001777
0.001641
0.00167
0.001365
0.001639
0.001384
0.001427
0.001151
0.001295
0.001102
0.001195
0.001119
0.001059
0.001037
0.001025
0.00093
0.000942
0.00082
0.000929
0.000804
0.000785
0.000785
0.000798
0.000732
0.000713
0.000679
0.000668
0.000635
0.000654
0.000599
0.000622
0.000613
0.000613
0.000501
0.000574
0.000523
0.000535
0.000493
0.000534
0.000427
0.000529
0.000454
0.000417
0.000404
0.000454
0.000379
0.00044
0.00038
0.000388
0.000393
0.000379
0.000356
0.000353
0.000368
0.000365
0.000348
0.000323
0.00035
0.000338
0.000321
0.000324
0.000306
0.000345
0.000276
0.000308
0.000297
0.00028
0.000278
0.000261
0.000294
0.000275
0.000243
0.000246
0.000278
0.000256
0.000252
0.000255
0.000219
0.000247
0.000237
0.000233
0.000218
0.000199
0.000209
0.000205
0.000195
0.000196
0.000199
0.000206
0.000217
0.00022
0.000166
0.000193
0.000168
0.000195
0.00019
0.000186
0.000175
0.000167
0.000171
0.00019
0.000161
0.000166
0.000161
0.000172
0.000157
0.000169
0.000156
0.000169
0.000164
0.000137
0.000135
0.000141
0.000136
0.000146
0.000134
0.000158
0.000127
0.000128
0.000126
0.000119
0.00013
0.000114
0.000118
0.000128
0.000105
0.000117
0.000115
0.000127
0.000103
0.00012
0.000121
0.000129
0.000128
0.000129
0.000115
0.000109
9.8e-05
0.000115
0.000123
0.000128
0.000113
0.000104
0.000125
0.000108
0.00013
0.000119
0.000114
0.000114
0.00011
0.000105
0.00012
0.000122
0.00011
0.000121
0.000119
0.000102
0.00011
0.000107
0.000113
0.000122
0.000108
0.000115
0.000108
9.5e-05
8.8e-05
0.000105
8e-05
8.1e-05
0.000102
9.9e-05
0.000112
8.9e-05
0.000105
0.000105
9.9e-05
9.2e-05
9.4e-05
9.6e-05
7.8e-05
0.000115
9.4e-05
8.2e-05
9.2e-05
8.7e-05
9e-05
7.7e-05
7.7e-05
8.4e-05
8.6e-05
9.8e-05
9.2e-05
9.3e-05
9.8e-05
7.6e-05
7.8e-05
8.1e-05
8.9e-05
6.9e-05
7.8e-05
9.1e-05
9e-05
0.000108
8.8e-05
9.7e-05
8.7e-05
8.3e-05
7.8e-05
7.7e-05
7.5e-05
6.9e-05
8.9e-05
8.4e-05
8.1e-05
7.6e-05
7.8e-05
7.7e-05
7.7e-05
8.1e-05
8.7e-05
7.5e-05
9e-05
7.8e-05
7.7e-05
7.3e-05
7.7e-05
9.2e-05
9.2e-05
7.6e-05
7.5e-05
7.1e-05
8.3e-05
7.3e-05
7.4e-05
6.6e-05
6.3e-05
7.6e-05
6.1e-05
7.2e-05
7.3e-05
7.4e-05
7.1e-05
7.7e-05
7.4e-05
7.2e-05
7.7e-05
7.1e-05
6.7e-05
7e-05
7.4e-05
7.6e-05
6.7e-05
7.4e-05
8e-05
7.8e-05
8.1e-05
6.9e-05
6.5e-05
8.4e-05
7.5e-05
5.5e-05
6.7e-05
6.8e-05
8.5e-05
6.5e-05
6.9e-05
7.2e-05
6.7e-05
6.8e-05
7.4e-05
6.8e-05
5.4e-05
7.8e-05
5.9e-05
7e-05
6.9e-05
7.6e-05
4.9e-05
6.8e-05
6.4e-05
6.7e-05
6.9e-05
6.2e-05
7.6e-05
6.3e-05
6.8e-05
6.6e-05
6.1e-05
6.7e-05
6e-05
8.5e-05
6.1e-05
5.8e-05
6.7e-05
6.2e-05
6.4e-05
6.3e-05
6.8e-05
5.4e-05
5.7e-05
7.4e-05
5.8e-05
5.9e-05
5.6e-05
5e-05
5.7e-05
7.4e-05
6.8e-05
5.6e-05
6.2e-05
6.5e-05
9.7e-05
5.6e-05
6.4e-05
5.6e-05
5.5e-05
6.4e-05
6.3e-05
5.2e-05
6.6e-05
5.3e-05
6.1e-05
8e-05
6.9e-05
5e-05
7.3e-05
6.7e-05
6.2e-05
6.1e-05
5.5e-05
7e-05
5.1e-05
6.3e-05
7.1e-05
5.7e-05
6.2e-05
5.4e-05
7.4e-05
5.9e-05
6.3e-05
6.6e-05
5.6e-05
5.1e-05
5.3e-05
5.8e-05
5.6e-05
7.5e-05
5.6e-05
7.5e-05
6e-05
6.3e-05
7.1e-05
5.6e-05
6.8e-05
7.3e-05
6.6e-05
5.7e-05
7.8e-05
6.4e-05
5e-05
5.6e-05
6.8e-05
7.3e-05
6.8e-05
5.6e-05
6.7e-05
5e-05
6e-05
5.5e-05
5.5e-05
6.2e-05
4.9e-05
6.1e-05
5.8e-05
6.5e-05
5.8e-05
6.8e-05
5.6e-05
5.8e-05
6.3e-05
5.7e-05
5.6e-05
5.5e-05
6.1e-05
5.3e-05
5.3e-05
5.3e-05
6.5e-05
4e-05
6.4e-05
6.5e-05
6.3e-05
5.8e-05
6.8e-05
6.4e-05
5.5e-05
5.9e-05
5.7e-05
6e-05
4.1e-05
5.2e-05
5.8e-05
6.3e-05
4.7e-05
5.6e-05
4.3e-05
6.3e-05
5.8e-05
5.6e-05
5.4e-05
5.5e-05
5.1e-05
6e-05
6.3e-05
5e-05
5.5e-05
6.9e-05
6e-05
6.2e-05
4.8e-05
5.5e-05
5.7e-05
4.7e-05
5.6e-05
5.5e-05
4.8e-05
6e-05
5.5e-05
5.7e-05
4.4e-05
5.4e-05
6.2e-05
4.9e-05
5.6e-05
5.4e-05
6.5e-05
5.7e-05
4.4e-05
5.3e-05
6e-05
6.6e-05
4.5e-05
5.4e-05
6.1e-05
4.2e-05
5.7e-05
3.9e-05
4.5e-05
3.4e-05
5.8e-05
4.8e-05
4.1e-05
6e-05
5.3e-05
4.6e-05
4.7e-05
4.9e-05
6.9e-05
5.6e-05
4.5e-05
4.6e-05
4.6e-05
4.8e-05
5.2e-05
6.2e-05
4.8e-05
5.1e-05
5.8e-05
5.4e-05
5.2e-05
5e-05
5.3e-05
4.2e-05
3.8e-05
4.4e-05
3.3e-05
3.9e-05
5.6e-05
4.7e-05
5.4e-05
5.5e-05
3.7e-05
4.7e-05
4.9e-05
3.1e-05
5.4e-05
4.8e-05
4.7e-05
5.3e-05
4.1e-05
5.5e-05
5.6e-05
5.2e-05
4.7e-05
5.4e-05
5e-05
5e-05
6.2e-05
4.6e-05
4.9e-05
6e-05
5.5e-05
5.1e-05
4.8e-05
5.3e-05
5e-05
4.8e-05
3e-05
5.6e-05
3.8e-05
5e-05
4.3e-05
4.6e-05
4.9e-05
4.6e-05
5.8e-05
4.2e-05
3.7e-05
5.1e-05
4.3e-05
4.5e-05
4.1e-05
4e-05
4e-05
3.5e-05
5.6e-05
5.3e-05
4.7e-05
4.1e-05
5.5e-05
4.2e-05
3.8e-05
3.9e-05
4.3e-05
4.5e-05
4.1e-05
3.5e-05
4.4e-05
4e-05
5.5e-05
3.7e-05
5e-05
4e-05
5e-05
4.6e-05
4.5e-05
4.2e-05
5e-05
5.1e-05
4e-05
5.5e-05
3.3e-05
4.8e-05
3.6e-05
4.8e-05
3.9e-05
4.4e-05
5.2e-05
4.2e-05
4.5e-05
3.2e-05
3e-05
3.8e-05
4e-05
4.8e-05
4.1e-05
6.1e-05
4.6e-05
5.3e-05
3.7e-05
4.1e-05
3.4e-05
4.3e-05
3.8e-05
4.2e-05
5e-05
4.9e-05
3e-05
4e-05
4.1e-05
5.2e-05
3.8e-05
3.8e-05
4.3e-05
4.4e-05
3.6e-05
4.3e-05
3.9e-05
3.9e-05
4.5e-05
4.5e-05
3.8e-05
3.9e-05
3.3e-05
3.5e-05
4.6e-05
4.2e-05
4.1e-05
3.7e-05
3.6e-05
4e-05
4e-05
4.8e-05
4.6e-05
4.1e-05
4.9e-05
3.7e-05
3.8e-05
4e-05
3.6e-05
3.5e-05
3.8e-05
5.1e-05
4.2e-05
4.6e-05
3.6e-05
2.9e-05
3.7e-05
3.3e-05
3.9e-05
4.3e-05
3.6e-05
3.4e-05
3.3e-05
4.2e-05
4.2e-05
3.7e-05
4.8e-05
3.5e-05
3.9e-05
3.4e-05
4.9e-05
4.1e-05
3.4e-05
3.6e-05
3.9e-05
3.6e-05
2.9e-05
3.8e-05
3.7e-05
2.8e-05
4.7e-05
3.3e-05
2.1e-05
3.2e-05
3.4e-05
2.9e-05
3.3e-05
3.6e-05
3.3e-05
3.2e-05
3.7e-05
3.2e-05
2.6e-05
3.1e-05
4.1e-05
3.9e-05
3.7e-05
4e-05
4e-05
3.5e-05
3.8e-05
2.7e-05
3.1e-05
3.9e-05
3.3e-05
3.4e-05
3.2e-05
3.2e-05
3.5e-05
3.4e-05
3e-05
2.7e-05
3e-05
4.4e-05
3.7e-05
3.8e-05
2.8e-05
4.4e-05
3.1e-05
3.8e-05
4.2e-05
2.8e-05
2.3e-05
3.3e-05
3.6e-05
3.8e-05
3.3e-05
2.9e-05
2.3e-05
3.8e-05
3.9e-05
2.7e-05
4.5e-05
3.1e-05
2.8e-05
3.6e-05
3.2e-05
3.4e-05
3.1e-05
3.6e-05
4.9e-05
2.8e-05
2.9e-05
3.4e-05
3.3e-05
2.7e-05
3.1e-05
3.5e-05
2.6e-05
3.4e-05
3.2e-05
3.5e-05
1.8e-05
3e-05
2.8e-05
3.4e-05
3.7e-05
2.5e-05
3.4e-05
2.7e-05
3.9e-05
3.9e-05
2.6e-05
2.6e-05
2.8e-05
3.1e-05
3.5e-05
3.5e-05
3.4e-05
2.3e-05
3.3e-05
2.6e-05
3.1e-05
3.2e-05
2.7e-05
3.4e-05
2.6e-05
2.1e-05
3.6e-05
2.7e-05
2.8e-05
2.8e-05
2.7e-05
3.1e-05
3.2e-05
2.8e-05
2.5e-05
2.6e-05
2e-05
3e-05
2.3e-05
2.6e-05
3.3e-05
2.7e-05
3.8e-05
2.5e-05
3e-05
2.4e-05
2.3e-05
2.4e-05
2.7e-05
2.8e-05
2.1e-05
2.3e-05
2.8e-05
3.4e-05
2.5e-05
1.8e-05
2.1e-05
2.1e-05
2.4e-05
2.5e-05
3.1e-05
3.3e-05
2.3e-05
2.4e-05
2.5e-05
2.6e-05
3.4e-05
3e-05
2.5e-05
2.8e-05
2.1e-05
2.2e-05
2.1e-05
2.3e-05
3.1e-05
3.4e-05
2.2e-05
2.2e-05
2.1e-05
3e-05
2.6e-05
2.2e-05
3.3e-05
1.9e-05
2.7e-05
2.4e-05
2e-05
2.6e-05
1.7e-05
2.3e-05
2.9e-05
2.8e-05
2.4e-05
1.9e-05
2.9e-05
2.6e-05
2.8e-05
2e-05
1.4e-05
3.7e-05
2.6e-05
2e-05
2.4e-05
2.9e-05
1.5e-05
3.2e-05
2.3e-05
3.8e-05
1.9e-05
1.9e-05
3.5e-05
2.6e-05
2.1e-05
1.5e-05
1.5e-05
2.2e-05
3e-05
2.7e-05
3.3e-05
2.5e-05
1.9e-05
2.4e-05
2.4e-05
1.6e-05
1.9e-05
2.7e-05
2.1e-05
2.5e-05
3.1e-05
2.4e-05
1.9e-05
1.9e-05
2.2e-05
2.4e-05
2e-05
2.4e-05
2.2e-05
2.8e-05
2.8e-05
1.8e-05
2e-05
2.4e-05
2.2e-05
2.2e-05
2.3e-05
2.7e-05
1.6e-05
1.5e-05
1.6e-05
2e-05
2e-05
2.2e-05
2.6e-05
3e-05
2.1e-05
2.5e-05
2.2e-05
2.2e-05
1.1e-05
2e-05
2.1e-05
2.6e-05
2.7e-05
1.6e-05
2.2e-05
1.4e-05
1.8e-05
1.1e-05
2.2e-05
2.1e-05
1.7e-05
2.3e-05
2.1e-05
1.8e-05
1.8e-05
1.9e-05
2.4e-05
1.8e-05
1.2e-05
1.6e-05
1.9e-05
1.4e-05
2.3e-05
1.7e-05
2.1e-05
1.8e-05
2.8e-05
1.6e-05
2.2e-05
1.9e-05
8e-06
1.4e-05
2.1e-05
2.3e-05
2.1e-05
1.2e-05
1.8e-05
2.1e-05
2.3e-05
2.2e-05
1.9e-05
1.8e-05
1.8e-05
2.3e-05
2.4e-05
1.8e-05
1.6e-05
1.2e-05
2.5e-05
1.4e-05
1.2e-05
1.1e-05
1.2e-05
1.4e-05
2.3e-05
1.6e-05
2.1e-05
1.9e-05
1.6e-05
2.6e-05
1.8e-05
2.6e-05
1.9e-05
1.2e-05
2e-05
2.5e-05
1.6e-05
2.2e-05
1.6e-05
1.9e-05
1.5e-05
1.7e-05
1.4e-05
2.2e-05
2.3e-05
1.2e-05
1.7e-05
1.7e-05
2.4e-05
1.7e-05
1.3e-05
1.3e-05
1.5e-05
2e-05
1.8e-05
1.3e-05
1.5e-05
1.4e-05
1.8e-05
1.6e-05
1.1e-05
1.3e-05
1.6e-05
1.2e-05
1.9e-05
1.4e-05
1.4e-05
1.3e-05
1.3e-05
2.1e-05
1.2e-05
1.7e-05
1.1e-05
1.4e-05
2e-05
2.3e-05
1.2e-05
1.5e-05
1.9e-05
1.3e-05
1e-05
1.8e-05
1.8e-05
1.8e-05
9e-06
1.8e-05
1.2e-05
1.9e-05
1.3e-05
1.3e-05
1.4e-05
1.7e-05
1.9e-05
1.8e-05
2.3e-05
1.7e-05
2.1e-05
1.1e-05
1.4e-05
1.4e-05
9e-06
1.3e-05
1.2e-05
1.7e-05
1.4e-05
1.5e-05
2.1e-05
1.5e-05
1.4e-05
1.5e-05
1e-05
1.1e-05
1.2e-05
2.2e-05
1e-05
1.3e-05
1e-05
1.2e-05
1.1e-05
1.5e-05
1.3e-05
1.3e-05
1.4e-05
1.9e-05
1e-05
1.5e-05
2.1e-05
1.3e-05
1.3e-05
1.3e-05
1.8e-05
1.7e-05
1.4e-05
1.5e-05
8e-06
1.4e-05
1.2e-05
1.7e-05
2.1e-05
8e-06
1e-05
1.3e-05
1.3e-05
1.6e-05
7e-06
1.7e-05
9e-06
1.2e-05
1.3e-05
1.4e-05
1.1e-05
1.6e-05
1.2e-05
1.1e-05
1.1e-05
1.5e-05
1.5e-05
1.4e-05
1.1e-05
1.2e-05
1.6e-05
1.8e-05
7e-06
1.6e-05
1.3e-05
1e-05
1.6e-05
1.2e-05
1e-05
2e-05
1.7e-05
1.1e-05
9e-06
1.3e-05
1.7e-05
8e-06
1.3e-05
1.3e-05
1.5e-05
9e-06
1.4e-05
8e-06
1.4e-05
1.1e-05
9e-06
1.3e-05
1e-05
1e-05
6e-06
1.6e-05
1e-05
9e-06
1.4e-05
1.2e-05
1.1e-05
7e-06
1.4e-05
8e-06
1.3e-05
1.4e-05
1.1e-05
1e-05
1e-05
1.5e-05
1.4e-05
9e-06
1.4e-05
1.5e-05
1.5e-05
1.3e-05
1.4e-05
1e-06
1.2e-05
7e-06
7e-06
6e-06
9e-06
8e-06
1.4e-05
1.5e-05
1.2e-05
8e-06
1.1e-05
5e-06
1.7e-05
1.2e-05
1.2e-05
1.4e-05
5e-06
6e-06
5e-06
8e-06
1.1e-05
8e-06
9e-06
1e-05
1.1e-05
1.5e-05
8e-06
1.1e-05
1e-05
1.1e-05
1.3e-05
1.1e-05
1e-05
8e-06
7e-06
9e-06
7e-06
1.1e-05
1.1e-05
1.2e-05
8e-06
1.1e-05
5e-06
8e-06
5e-06
1e-05
7e-06
1e-05
9e-06
9e-06
1.4e-05
5e-06
5e-06
1.4e-05
1.1e-05
7e-06
1.1e-05
1.2e-05
9e-06
1.6e-05
1e-05
1.2e-05
1.3e-05
1.4e-05
7e-06
7e-06
6e-06
1.3e-05
6e-06
1.2e-05
9e-06
9e-06
8e-06
6e-06
7e-06
9e-06
9e-06
9e-06
9e-06
1.2e-05
1.1e-05
5e-06
1e-05
1.1e-05
5e-06
5e-06
8e-06
1.1e-05
1.2e-05
1.1e-05
1.3e-05
7e-06
1.2e-05
7e-06
9e-06
9e-06
9e-06
7e-06
6e-06
1.3e-05
9e-06
8e-06
9e-06
3e-06
8e-06
5e-06
3e-06
7e-06
1e-05
3e-06
7e-06
7e-06
1.1e-05
1.4e-05
1.1e-05
2e-06
6e-06
1e-05
6e-06
8e-06
5e-06
1.2e-05
1e-05
5e-06
6e-06
1.1e-05
9e-06
1e-05
7e-06
5e-06
9e-06
9e-06
1.2e-05
4e-06
8e-06
8e-06
7e-06
1e-05
9e-06
1e-05
7e-06
8e-06
1e-05
7e-06
5e-06
5e-06
9e-06
6e-06
5e-06
5e-06
6e-06
5e-06
5e-06
4e-06
3e-06
3e-06
8e-06
9e-06
1.3e-05
5e-06
5e-06
6e-06
1.1e-05
9e-06
8e-06
7e-06
1.2e-05
4e-06
4e-06
1.1e-05
2e-06
4e-06
9e-06
1e-05
3e-06
3e-06
8e-06
1e-05
1.1e-05
1.1e-05
3e-06
4e-06
1e-05
1.1e-05
3e-06
1e-05
4e-06
4e-06
3e-06
2e-06
6e-06
4e-06
3e-06
4e-06
8e-06
3e-06
2e-06
6e-06
4e-06
7e-06
1e-05
7e-06
5e-06
5e-06
6e-06
6e-06
6e-06
1e-05
7e-06
4e-06
6e-06
5e-06
6e-06
5e-06
7e-06
5e-06
7e-06
8e-06
4e-06
8e-06
1.1e-05
4e-06
1e-05
5e-06
5e-06
8e-06
3e-06
8e-06
4e-06
3e-06
3e-06
9e-06
7e-06
1.1e-05
7e-06
4e-06
4e-06
5e-06
4e-06
4e-06
8e-06
5e-06
3e-06
1e-06
6e-06
1e-05
3e-06
3e-06
7e-06
6e-06
8e-06
6e-06
4e-06
3e-06
4e-06
3e-06
3e-06
3e-06
8e-06
4e-06
4e-06
1.2e-05
3e-06
5e-06
6e-06
3e-06
4e-06
9e-06
4e-06
3e-06
3e-06
3e-06
4e-06
3e-06
2e-06
7e-06
5e-06
5e-06
5e-06
2e-06
1.1e-05
1e-06
5e-06
5e-06
1e-06
1e-05
3e-06
6e-06
3e-06
4e-06
5e-06
3e-06
2e-06
6e-06
3e-06
3e-06
8e-06
4e-06
3e-06
2e-06
6e-06
4e-06
6e-06
2e-06
7e-06
2e-06
5e-06
4e-06
5e-06
4e-06
5e-06
6e-06
5e-06
6e-06
5e-06
2e-06
0
4e-06
3e-06
7e-06
2e-06
7e-06
7e-06
7e-06
7e-06
6e-06
3e-06
1e-06
1e-06
6e-06
0
8e-06
2e-06
3e-06
5e-06
4e-06
3e-06
4e-06
5e-06
4e-06
4e-06
1e-06
4e-06
1e-06
1e-06
1e-06
5e-06
3e-06
7e-06
5e-06
5e-06
2e-06
1e-06
3e-06
4e-06
0
4e-06
2e-06
4e-06
5e-06
0
2e-06
2e-06
8e-06
2e-06
1e-06
4e-06
4e-06
2e-06
5e-06
3e-06
4e-06
4e-06
2e-06
3e-06
4e-06
4e-06
4e-06
3e-06
7e-06
3e-06
2e-06
2e-06
4e-06
1e-06
5e-06
3e-06
2e-06
3e-06
3e-06
3e-06
5e-06
3e-06
4e-06
3e-06
1e-06
3e-06
8e-06
8e-06
4e-06
4e-06
2e-06
2e-06
3e-06
5e-06
6e-06
7e-06
1e-06
5e-06
6e-06
2e-06
1e-06
1e-06
4e-06
2e-06
3e-06
3e-06
2e-06
2e-06
2e-06
1e-06
2e-06
5e-06
1e-06
3e-06
1e-06
5e-06
4e-06
0
4e-06
3e-06
2e-06
4e-06
7e-06
2e-06
0
3e-06
0
2e-06
7e-06
3e-06
2e-06
3e-06
3e-06
3e-06
4e-06
4e-06
2e-06
3e-06
1e-06
2e-06
2e-06
4e-06
2e-06
3e-06
5e-06
3e-06
2e-06
4e-06
3e-06
4e-06
0
3e-06
2e-06
1e-06
2e-06
5e-06
0
1e-06
3e-06
2e-06
3e-06
2e-06
3e-06
2e-06
3e-06
1e-06
0
3e-06
4e-06
4e-06
3e-06
2e-06
0
1e-06
2e-06
2e-06
1e-06
1e-06
2e-06
2e-06
3e-06
1e-06
2e-06
3e-06
0
4e-06
3e-06
2e-06
1e-06
2e-06
2e-06
3e-06
0
2e-06
1e-06
2e-06
2e-06
2e-06
2e-06
4e-06
3e-06
2e-06
2e-06
2e-06
3e-06
2e-06
2e-06
2e-06
1e-06
2e-06
2e-06
1e-06
2e-06
3e-06
2e-06
2e-06
2e-06
3e-06
0
1e-06
2e-06
1e-06
3e-06
2e-06
2e-06
2e-06
2e-06
4e-06
1e-06
5e-06
3e-06
1e-06
2e-06
2e-06
1e-06
3e-06
2e-06
2e-06
2e-06
2e-06
0
2e-06
1e-06
3e-06
3e-06
2e-06
0
1e-06
3e-06
1e-06
2e-06
0
5e-06
2e-06
3e-06
1e-06
1e-06
2e-06
1e-06
5e-06
2e-06
0
5e-06
4e-06
0
4e-06
4e-06
1e-06
1e-06
3e-06
1e-06
1e-06
0
1e-06
1e-06
0
2e-06
1e-06
2e-06
3e-06
1e-06
0
2e-06
3e-06
1e-06
3e-06
4e-06
2e-06
1e-06
2e-06
2e-06
0
2e-06
2e-06
0
1e-06
0
2e-06
1e-06
0
3e-06
1e-06
2e-06
1e-06
0
1e-06
1e-06
1e-06
1e-06
2e-06
3e-06
3e-06
1e-06
0
0
3e-06
0
1e-06
2e-06
0
2e-06
2e-06
1e-06
0
4e-06
1e-06
2e-06
1e-06
1e-06
3e-06
3e-06
0
0
1e-06
1e-06
1e-06
3e-06
1e-06
2e-06
1e-06
0
2e-06
2e-06
0
1e-06
2e-06
0
0
3e-06
3e-06
2e-06
1e-06
1e-06
0
2e-06
0
0
1e-06
0
1e-06
1e-06
1e-06
2e-06
0
1e-06
0
3e-06
0
1e-06
1e-06
0
1e-06
1e-06
1e-06
1e-06
0
0
1e-06
0
5e-06
1e-06
2e-06
0
0
0
2e-06
1e-06
0
1e-06
2e-06
0
2e-06
0
1e-06
0
0
2e-06
0
2e-06
1e-06
3e-06
1e-06
1e-06
1e-06
0
0
3e-06
0
1e-06
2e-06
2e-06
0
2e-06
3e-06
1e-06
0
1e-06
3e-06
2e-06
1e-06
0
1e-06
1e-06
1e-06
0
1e-06
0
0
0
1e-06
0
1e-06
1e-06
1e-06
0
0
1e-06
1e-06
0
0
1e-06
1e-06
0
0
0
1e-06
4e-06
0
0
0
0
1e-06
0
3e-06
2e-06
0
0
0
1e-06
1e-06
1e-06
0
3e-06
2e-06
0
1e-06
0
0
0
1e-06
0
0
1e-06
0
1e-06
1e-06
0
1e-06
1e-06
1e-06
0
0
1e-06
2e-06
2e-06
1e-06
2e-06
0
1e-06
1e-06
0
0
1e-06
3e-06
1e-06
0
0
0
1e-06
0
0
2e-06
3e-06
1e-06
0
0
0
1e-06
0
1e-06
0
1e-06
1e-06
0
0
1e-06
1e-06
0
1e-06
0
0
0
1e-06
0
0
1e-06
1e-06
2e-06
0
1e-06
0
1e-06
2e-06
0
0
0
1e-06
0
3e-06
0
1e-06
2e-06
0
1e-06
0
0
1e-06
1e-06
0
1e-06
1e-06
0
1e-06
0
1e-06
0
0
0
0
0
0
0
0
3e-06
1e-06
0
2e-06
1e-06
1e-06
1e-06
0
1e-06
0
0
0
0
0
0
1e-06
0
1e-06
0
0
1e-06
0
0
1e-06
0
2e-06
0
0
0
0
1e-06
1e-06
0
0
0
0
1e-06
2e-06
1e-06
0
0
0
0
1e-06
2e-06
0
0
0
0
0
0
1e-06
0
0
0
1e-06
2e-06
1e-06
1e-06
2e-06
0
0
1e-06
1e-06
0
0
0
0
0
0
0
1e-06
0
0
0
2e-06
0
1e-06
0
1e-06
0
0
1e-06
0
0
2e-06
0
0
0
0
0
0
1e-06
2e-06
1e-06
0
1e-06
0
0
0
0
0
1e-06
0
0
0
0
0
0
0
1e-06
0
0
0
0
1e-06
0
1e-06
0
0
0
0
0
0
1e-06
0
0
0
0
0
0
0
1e-06
0
0
0
0
0
0
0
0
1e-06
0
1e-06
0
0
1e-06
0
0
0
0
1e-06
0
0
0
1e-06
0
0
1e-06
1e-06
2e-06
0
1e-06
0
0
0
0
0
0
1e-06
0
1e-06
0
0
1e-06
0
0
1e-06
0
0
0
0
0
0
0
1e-06
0
0
1e-06
0
0
0
0
0
0
0
1e-06
1e-06
0
0
0
0
0
0
0
0
1e-06
0
0
0
0
0
0
0
0
0
0
1e-06
0
0
0
0
0
0
1e-06
1e-06
1e-06
2e-06
0
0
0
1e-06
0
0
1e-06
0
0
0
0
0
0
1e-06
0
0
0
1e-06
0
0
0
1e-06
0
0
0
1e-06
0
0
0
0
1e-06
0
0
0
0
0
0
0
1e-06
0
0
1e-06
1e-06
0
0
1e-06
0
0
1e-06
0
0
0
1e-06
1e-06
0
0
1e-06
0
0
0
0
0
0
0
0
0
0
0
0
0
0
0
0
0
0
0
0
0
0
0
0
0
0
0
0
0
0
0
0
1e-06
0
0
0
0
0
0
0
0
0
0
1e-06
0
0
1e-06
0
0
0
0
0
0
0
1e-06
0
0
0
0
0
0
0
0
0
0
0
0
0
0
0
0
0
0
0
0
0
0
1e-06
0
0
0
0
0
0
0
0
0
0
0
0
0
0
0
0
0
0
0
0
0
0
0
0
0
0
0
0
0
1e-06
0
0
0
0
0
0
0
0
0
0
0
0
0
0
0
0
0
0
0
0
0
1e-06
0
0
0
0
0
0
0
0
0
0
0
0
0
0
0
0
0
0
0
0
0
0
0
0
0
0
0
0
0
0
0
0
0
0
0
0
0
0
0
0
0
0
0
0
0
0
0
0
0
0
0
0
0
0
0
0
0
0
0
0
0
0
0
0
0
0
0
0
0
0
0
0
0
1e-06
0
1e-06
0
0
1e-06
0
0
0
0
0
0
0
0
0
0
0
0
0
0
0
0
0
0
0
0
0
0
0
0
0
0
0
0
0
1e-06
0
0
0
0
0
0
0
0
0
0
0
0
0
0
0
0
0
0
0
0
0
0
0
0
0
0
0
0
0
0
0
0
0
0
0
0
0
0
0
0
0
0
0
0
0
0
0
0
0
0
0
0
0
0
0
0
0
0
0
0
0
1e-06
0
0
0
0
0
0
0
0
0
0
0
0
0
1e-06
0
0
0
0
0
0
0
0
0
0
0
0
0
0
0
0
0
0
0
0
0
0
0
0
0
0
0
0
1e-06
0
0
0
0
0
0
0
0
0
0
0
0
0
0
0
0
0
0
0
0
0
0
0
0
0
0
0
0
0
0
0
0
0
0
0
0
0
0
0
0
0
0
0
0
0
0
0
0
0
0
0
0
0
0
0
0
0
0
0
0
0
0
0
0
0
0
0
0
0
0
0
0
0
0
0
0
0
0
0
0
0
0
0
0
0
0
0
0
0
0
0
0
0
0
0
0
0
0
0
0
0
0
0
0
0
0
0
0
0
0
0
0
0
0
0
0
0
0
0
0
0
0
0
0
0
0
0
0
0
0
0
0
0
0
0
0
0
0
0
0
0
0
0
0
0
0
0
0
0
