0.365468
0.183215
0.077871
0.05694
0.023834
0.032338
0.012737
0.015988
0.011322
0.010768
0.006546
0.009348
0.005995
0.006433
0.006439
0.005605
0.006326
0.005538
0.004953
0.00543
0.005168
0.005149
0.004703
0.005687
0.004468
0.004406
0.004936
0.004102
0.004357
0.004555
0.003769
0.004334
0.003475
0.003309
0.004063
0.003242
0.003441
0.003486
0.003486
0.002868
0.002897
0.003189
0.002709
0.002719
0.002823
0.002157
0.002567
0.002255
0.001934
0.002626
0.00176
0.001951
0.002055
0.001758
0.001548
0.001722
0.001746
0.001505
0.001359
0.001497
0.001114
0.001237
0.001222
0.000981
0.001322
0.000869
0.000989
0.001034
0.000662
0.000792
0.000843
0.000708
0.000708
0.000571
0.000572
0.000543
0.000463
0.000573
0.000403
0.000537
0.000312
0.000331
0.000427
0.000238
0.000281
0.00034
0.000239
0.000242
0.000245
0.000187
0.000227
0.000151
0.000181
0.00013
0.000165
0.0001
0.000118
0.000138
9.2e-05
8.1e-05
9.5e-05
4.3e-05
7e-05
5.5e-05
3.8e-05
6.5e-05
3.1e-05
3.5e-05
3.6e-05
2.2e-05
3.1e-05
2.1e-05
2.4e-05
2e-05
1.7e-05
1.4e-05
5e-06
1.2e-05
1.7e-05
5e-06
1.2e-05
5e-06
1.1e-05
3e-06
5e-06
1e-06
3e-06
1e-06
2e-06
0
1e-06
0
1e-06
1e-06
0
1e-06
0
0
0
1e-06
0
0
0
0
0
