0.36619
0.184535
0.079305
0.058884
0.025692
0.034674
0.014893
0.019251
0.01142
0.0132
0.007119
0.010336
0.006437
0.006866
0.005651
0.005761
0.00405
0.005214
0.003442
0.003883
0.003175
0.003493
0.002505
0.002997
0.002335
0.002624
0.002193
0.002293
0.001932
0.00212
0.001748
0.001794
0.001579
0.001671
0.001451
0.001536
0.001262
0.001403
0.001158
0.001308
0.001157
0.001281
0.001079
0.001121
0.000966
0.001038
0.000942
0.000988
0.000873
0.000934
0.000826
0.000891
0.000796
0.000804
0.000738
0.000688
0.000715
0.000715
0.000688
0.000624
0.000646
0.000633
0.000575
0.0006
0.00061
0.00061
0.000525
0.000528
0.000537
0.00052
0.000465
0.000543
0.000448
0.00046
0.000437
0.00049
0.00045
0.000445
0.000409
0.000394
0.000384
0.000379
0.000423
0.000362
0.000402
0.000382
0.000416
0.000354
0.000335
0.000374
0.000355
0.000338
0.000361
0.000325
0.000348
0.000327
0.000316
0.000335
0.0003
0.000324
0.000298
0.000281
0.000246
0.000286
0.000254
0.00029
0.000274
0.000257
0.000263
0.000271
0.000239
0.00025
0.000248
0.000243
0.000259
0.000234
0.00022
0.000233
0.000229
0.000226
0.000224
0.000218
0.00019
0.000192
0.00021
0.000219
0.000213
0.000195
0.000168
0.00021
0.000191
0.000195
0.000175
0.000187
0.000161
0.000173
0.000191
0.000208
0.000173
0.000158
0.000165
0.000153
0.00016
0.000167
0.00018
0.000174
0.000162
0.000139
0.000144
0.000157
0.000123
0.000145
0.000137
0.000149
0.000151
0.000156
0.000133
0.000131
0.000153
0.000129
0.000146
0.000128
0.000124
0.000118
0.000142
0.000145
0.000129
0.000138
0.000106
0.000123
0.000129
0.00013
0.000119
0.000153
0.000125
0.000127
0.000137
0.000117
0.000118
0.000149
0.000119
9.8e-05
0.000109
0.000133
0.000109
0.0001
0.000103
0.000118
0.000107
8e-05
8.8e-05
9.8e-05
0.000101
0.000126
0.000105
9.8e-05
9.4e-05
0.000114
8.3e-05
0.000112
8.2e-05
7.9e-05
0.000114
0.00011
8.7e-05
8.5e-05
8.6e-05
7.9e-05
9.1e-05
0.000102
8.6e-05
8.3e-05
9.6e-05
8e-05
8.2e-05
9.9e-05
8.7e-05
7.9e-05
9e-05
0.000104
8.8e-05
9.2e-05
7.9e-05
8.7e-05
8.3e-05
8.6e-05
8.1e-05
7.9e-05
7.4e-05
9.6e-05
7.8e-05
9.1e-05
7.4e-05
8.1e-05
7.3e-05
8.7e-05
6e-05
6.1e-05
6.6e-05
7.9e-05
6.7e-05
6.8e-05
7.7e-05
7e-05
6.9e-05
6.6e-05
6.3e-05
7.7e-05
5.6e-05
7.9e-05
6.4e-05
7.3e-05
6e-05
6.5e-05
7.9e-05
7.1e-05
6.2e-05
7e-05
5.5e-05
5.7e-05
7.3e-05
6.4e-05
5.8e-05
6e-05
6.2e-05
6.7e-05
6.6e-05
5.8e-05
6.3e-05
3.9e-05
5.1e-05
6.4e-05
7.2e-05
6.8e-05
5.6e-05
5.9e-05
5.2e-05
6.1e-05
7.1e-05
4.8e-05
4.7e-05
5.5e-05
6.1e-05
6.1e-05
6.4e-05
5.7e-05
6.4e-05
5.2e-05
4.7e-05
5.9e-05
6e-05
4.8e-05
4.6e-05
4.9e-05
6.3e-05
5.6e-05
6.4e-05
5e-05
5.1e-05
4.5e-05
6.4e-05
5.5e-05
5e-05
4.9e-05
4.9e-05
4.7e-05
4.7e-05
3.9e-05
4.9e-05
4.7e-05
5e-05
5.1e-05
4.2e-05
4.7e-05
4.2e-05
5.3e-05
4e-05
5.9e-05
3.9e-05
4.7e-05
5.6e-05
5e-05
3.5e-05
4.5e-05
5.2e-05
4.9e-05
3.9e-05
5.5e-05
3.6e-05
4.2e-05
3.9e-05
4.1e-05
6.5e-05
5.7e-05
3.8e-05
4.1e-05
3.6e-05
3.4e-05
4.1e-05
4.7e-05
4.6e-05
4.3e-05
4.7e-05
4.5e-05
5.1e-05
4.8e-05
4.4e-05
4.1e-05
3.6e-05
3.3e-05
3.9e-05
4.1e-05
4.1e-05
5.2e-05
4.2e-05
3.7e-05
4.1e-05
3.5e-05
4.2e-05
3.7e-05
4.5e-05
3.8e-05
3.1e-05
3.8e-05
4e-05
3.3e-05
3.7e-05
3.9e-05
3.7e-05
3.8e-05
3.7e-05
4.7e-05
3.9e-05
3.6e-05
3.8e-05
2.9e-05
4.9e-05
3.8e-05
2.5e-05
4.6e-05
3.8e-05
3.8e-05
3.1e-05
3.3e-05
2.5e-05
3.8e-05
3.7e-05
2.8e-05
2.6e-05
4e-05
2.2e-05
4.1e-05
3.1e-05
2.5e-05
2.7e-05
2.9e-05
3e-05
3e-05
4e-05
5e-05
2.6e-05
3e-05
3e-05
3.1e-05
3.1e-05
3.5e-05
3.3e-05
4.1e-05
2.6e-05
3.3e-05
2.4e-05
2.5e-05
4.2e-05
3.4e-05
2.3e-05
2.4e-05
2.6e-05
1.9e-05
2.8e-05
3e-05
2.9e-05
2.9e-05
3.5e-05
3.2e-05
2.9e-05
2.6e-05
3.2e-05
2.5e-05
2.1e-05
2.6e-05
3.3e-05
2.5e-05
2.6e-05
2.4e-05
2.5e-05
2.6e-05
2.9e-05
2.1e-05
3.4e-05
2.8e-05
3.4e-05
3e-05
2.4e-05
2.7e-05
3.4e-05
1.4e-05
1.9e-05
2.8e-05
2.4e-05
3.1e-05
2.5e-05
2.8e-05
3.5e-05
2.4e-05
1.8e-05
4.2e-05
2.2e-05
2.2e-05
2.2e-05
2.4e-05
2e-05
2e-05
1.7e-05
2.9e-05
2.9e-05
2e-05
2.2e-05
2.9e-05
2.3e-05
2.2e-05
1.9e-05
3.8e-05
2.2e-05
2.2e-05
2.5e-05
3.3e-05
3.1e-05
2.7e-05
1.5e-05
2.5e-05
2.1e-05
2.3e-05
2.4e-05
3e-05
2.8e-05
2.6e-05
3.4e-05
3e-05
2.7e-05
2.3e-05
2.5e-05
2.3e-05
2.3e-05
3e-05
2.3e-05
1.5e-05
2.4e-05
2.1e-05
2.5e-05
2.3e-05
1.7e-05
1.3e-05
2.7e-05
2e-05
2e-05
2.5e-05
2e-05
2e-05
1.8e-05
2.3e-05
2e-05
1.9e-05
2.4e-05
1.8e-05
2.6e-05
2.2e-05
1.9e-05
2.2e-05
2.2e-05
2.6e-05
3.2e-05
1.8e-05
2.5e-05
2.2e-05
3.2e-05
2e-05
2.4e-05
2e-05
3.1e-05
2.3e-05
1.9e-05
1.8e-05
2.3e-05
2.4e-05
1.7e-05
2.3e-05
2.5e-05
2.9e-05
1.9e-05
2.2e-05
1.9e-05
2.3e-05
1.8e-05
2.8e-05
1.6e-05
1.3e-05
2.6e-05
2.1e-05
1.6e-05
1.4e-05
1.9e-05
2.4e-05
1.3e-05
2.3e-05
2.2e-05
1.7e-05
1.4e-05
1.7e-05
1.5e-05
2.8e-05
2e-05
1.5e-05
1.5e-05
1.6e-05
2.2e-05
1.2e-05
1.9e-05
1.8e-05
1.9e-05
2e-05
1.2e-05
1.8e-05
1.6e-05
1.4e-05
2.3e-05
1.6e-05
1.5e-05
1.8e-05
2e-05
1.2e-05
1.7e-05
1.8e-05
2.3e-05
2.3e-05
2.4e-05
1.5e-05
1.8e-05
1.7e-05
1.3e-05
1e-05
2.4e-05
2e-05
2e-05
1.1e-05
1.7e-05
1.9e-05
1.5e-05
1.7e-05
1.9e-05
8e-06
1.9e-05
1.3e-05
1.4e-05
1.7e-05
1.9e-05
1.3e-05
1.9e-05
2.2e-05
1.7e-05
1.6e-05
1.9e-05
1.9e-05
1.5e-05
1.9e-05
1.1e-05
1.8e-05
1e-05
1.7e-05
1.7e-05
1.3e-05
2.2e-05
1.4e-05
1.9e-05
2.3e-05
1.5e-05
1.5e-05
1.5e-05
1.3e-05
1.6e-05
1.6e-05
2.5e-05
1.1e-05
1e-05
1.7e-05
1.5e-05
8e-06
1.6e-05
1.3e-05
1.5e-05
1e-05
1.1e-05
1.1e-05
9e-06
1.6e-05
1.4e-05
1.3e-05
1.6e-05
1.3e-05
1.3e-05
1.9e-05
2.2e-05
1.8e-05
1.2e-05
1.7e-05
1.2e-05
8e-06
1.1e-05
1.6e-05
1.3e-05
1.7e-05
1.2e-05
1.1e-05
1.8e-05
1.2e-05
1.1e-05
1.2e-05
2e-05
1.7e-05
1.8e-05
1.1e-05
1.3e-05
8e-06
1.8e-05
1.5e-05
1.7e-05
2.3e-05
1.4e-05
1.3e-05
7e-06
1.1e-05
1.4e-05
9e-06
1.8e-05
1.3e-05
1.3e-05
1.3e-05
1.4e-05
1.4e-05
1.2e-05
1.8e-05
1.4e-05
7e-06
1.9e-05
2.2e-05
1.6e-05
1e-05
8e-06
1e-05
9e-06
1.1e-05
7e-06
1.4e-05
1.3e-05
1.4e-05
9e-06
1.3e-05
1.1e-05
1.3e-05
9e-06
2.5e-05
1.1e-05
1e-05
1.6e-05
9e-06
1.2e-05
2e-05
1.2e-05
1.3e-05
1.1e-05
1.8e-05
1.6e-05
9e-06
5e-06
8e-06
1.1e-05
1.5e-05
1.1e-05
8e-06
1.2e-05
1.6e-05
1.5e-05
1e-05
1.2e-05
1.2e-05
1.2e-05
1e-05
1.4e-05
1.4e-05
1.8e-05
1.2e-05
1e-05
1.1e-05
1.3e-05
9e-06
8e-06
1.2e-05
1.3e-05
1.2e-05
1.3e-05
1.4e-05
1.1e-05
1.4e-05
5e-06
1.3e-05
1e-05
9e-06
1.6e-05
1.4e-05
1.2e-05
1.1e-05
1e-05
1.1e-05
9e-06
1.6e-05
7e-06
8e-06
1.2e-05
1.5e-05
6e-06
8e-06
2.1e-05
1.2e-05
1.3e-05
1.1e-05
1e-05
1.6e-05
1e-05
2e-05
7e-06
1.1e-05
1.7e-05
1.6e-05
2.2e-05
2.2e-05
1e-05
1.6e-05
8e-06
1.2e-05
9e-06
8e-06
9e-06
8e-06
1.3e-05
8e-06
7e-06
7e-06
1.2e-05
1.2e-05
8e-06
9e-06
6e-06
1.3e-05
1.2e-05
7e-06
1.6e-05
7e-06
9e-06
1.2e-05
1.2e-05
1.1e-05
1.4e-05
1.4e-05
1.5e-05
9e-06
1.3e-05
9e-06
1.6e-05
6e-06
7e-06
1.8e-05
8e-06
1.2e-05
1e-05
1e-05
1.6e-05
1.1e-05
9e-06
6e-06
1.3e-05
8e-06
6e-06
7e-06
1.4e-05
1.1e-05
1.1e-05
6e-06
1.1e-05
1.5e-05
1.5e-05
2e-05
1.1e-05
8e-06
1e-05
1.2e-05
8e-06
7e-06
3e-06
1.3e-05
1.2e-05
7e-06
1.1e-05
1.1e-05
1e-05
8e-06
1e-05
1.3e-05
1.3e-05
5e-06
9e-06
7e-06
1.3e-05
1.2e-05
6e-06
7e-06
7e-06
1.3e-05
1.2e-05
1.1e-05
5e-06
1e-05
8e-06
1.4e-05
5e-06
9e-06
5e-06
1.2e-05
1.3e-05
7e-06
1e-05
5e-06
8e-06
1.4e-05
9e-06
9e-06
8e-06
8e-06
1.6e-05
9e-06
1e-05
6e-06
1e-05
1.1e-05
8e-06
6e-06
6e-06
6e-06
1e-05
1.5e-05
1.3e-05
6e-06
9e-06
9e-06
8e-06
1.2e-05
1.3e-05
4e-06
7e-06
1.5e-05
1.3e-05
1.3e-05
7e-06
1e-05
5e-06
9e-06
1e-05
1.6e-05
1.1e-05
5e-06
8e-06
1.2e-05
1.1e-05
8e-06
6e-06
7e-06
7e-06
8e-06
1e-05
9e-06
1e-05
1.4e-05
5e-06
9e-06
1.1e-05
7e-06
8e-06
3e-06
1.3e-05
4e-06
9e-06
6e-06
7e-06
8e-06
1.3e-05
9e-06
1.6e-05
6e-06
7e-06
1.2e-05
4e-06
5e-06
1.2e-05
8e-06
1e-05
1.6e-05
9e-06
1.1e-05
1.2e-05
8e-06
1.5e-05
8e-06
1.1e-05
1.2e-05
6e-06
6e-06
8e-06
5e-06
1e-05
4e-06
8e-06
6e-06
8e-06
9e-06
1e-05
1e-05
7e-06
1.1e-05
1.3e-05
1e-05
6e-06
7e-06
1.7e-05
1e-05
9e-06
4e-06
9e-06
9e-06
7e-06
7e-06
9e-06
8e-06
8e-06
6e-06
8e-06
4e-06
1e-05
9e-06
5e-06
1.5e-05
1.4e-05
7e-06
7e-06
7e-06
1.1e-05
1.3e-05
9e-06
5e-06
1e-05
8e-06
1e-05
6e-06
6e-06
7e-06
8e-06
7e-06
8e-06
7e-06
9e-06
6e-06
1.2e-05
3e-06
1e-05
8e-06
4e-06
9e-06
7e-06
6e-06
4e-06
9e-06
1e-05
1.7e-05
8e-06
4e-06
7e-06
7e-06
1.4e-05
6e-06
9e-06
4e-06
6e-06
7e-06
1.2e-05
5e-06
1.3e-05
6e-06
8e-06
2e-06
9e-06
1.1e-05
1.2e-05
7e-06
5e-06
1.2e-05
7e-06
7e-06
1.3e-05
1.5e-05
1.1e-05
1e-05
5e-06
7e-06
7e-06
1.1e-05
1e-05
1.2e-05
1.1e-05
3e-06
7e-06
3e-06
8e-06
6e-06
9e-06
8e-06
5e-06
8e-06
5e-06
6e-06
7e-06
8e-06
1.1e-05
1.1e-05
9e-06
7e-06
8e-06
1.1e-05
1.2e-05
7e-06
8e-06
5e-06
1e-05
6e-06
1.2e-05
5e-06
1.3e-05
7e-06
1.1e-05
1e-05
7e-06
5e-06
7e-06
5e-06
6e-06
8e-06
4e-06
7e-06
9e-06
7e-06
6e-06
1.1e-05
1.4e-05
9e-06
3e-06
6e-06
1.3e-05
7e-06
8e-06
1.8e-05
1.1e-05
9e-06
7e-06
6e-06
1.4e-05
7e-06
7e-06
8e-06
6e-06
8e-06
1.1e-05
9e-06
6e-06
7e-06
1e-05
7e-06
8e-06
1.2e-05
6e-06
8e-06
8e-06
5e-06
6e-06
8e-06
1.1e-05
1e-05
8e-06
4e-06
6e-06
6e-06
7e-06
6e-06
6e-06
5e-06
8e-06
9e-06
1.1e-05
4e-06
1.1e-05
6e-06
6e-06
8e-06
8e-06
1e-05
9e-06
4e-06
8e-06
5e-06
4e-06
4e-06
1e-05
4e-06
5e-06
6e-06
6e-06
4e-06
5e-06
8e-06
1.1e-05
8e-06
7e-06
7e-06
7e-06
2e-06
7e-06
6e-06
1e-05
6e-06
5e-06
8e-06
7e-06
8e-06
8e-06
3e-06
5e-06
1e-05
6e-06
5e-06
1e-05
8e-06
1.1e-05
6e-06
9e-06
9e-06
9e-06
7e-06
1.3e-05
1.3e-05
8e-06
6e-06
7e-06
7e-06
8e-06
6e-06
3e-06
8e-06
8e-06
8e-06
8e-06
8e-06
1.8e-05
6e-06
1.2e-05
8e-06
1e-05
3e-06
4e-06
3e-06
5e-06
4e-06
6e-06
6e-06
3e-06
2e-06
9e-06
5e-06
5e-06
9e-06
8e-06
5e-06
7e-06
7e-06
8e-06
1.2e-05
5e-06
5e-06
1e-05
8e-06
7e-06
7e-06
8e-06
6e-06
7e-06
5e-06
6e-06
1.3e-05
8e-06
6e-06
8e-06
9e-06
8e-06
3e-06
9e-06
7e-06
5e-06
1.1e-05
5e-06
2e-06
5e-06
4e-06
3e-06
8e-06
1.2e-05
1e-05
6e-06
9e-06
7e-06
9e-06
7e-06
1.5e-05
9e-06
1e-05
9e-06
8e-06
6e-06
9e-06
1.1e-05
7e-06
5e-06
5e-06
5e-06
7e-06
5e-06
9e-06
5e-06
7e-06
4e-06
6e-06
8e-06
6e-06
8e-06
8e-06
4e-06
8e-06
4e-06
7e-06
6e-06
9e-06
1e-05
1.1e-05
3e-06
8e-06
6e-06
1e-05
6e-06
1.1e-05
2e-06
8e-06
7e-06
8e-06
6e-06
4e-06
8e-06
1e-05
8e-06
2e-06
8e-06
4e-06
5e-06
6e-06
5e-06
6e-06
4e-06
1.1e-05
1e-05
5e-06
8e-06
7e-06
5e-06
4e-06
6e-06
1.2e-05
9e-06
7e-06
1e-05
7e-06
6e-06
8e-06
9e-06
2e-06
5e-06
5e-06
4e-06
7e-06
4e-06
4e-06
1.3e-05
7e-06
7e-06
1e-05
7e-06
2e-06
9e-06
7e-06
1e-05
3e-06
8e-06
4e-06
8e-06
4e-06
3e-06
4e-06
3e-06
9e-06
3e-06
1.2e-05
8e-06
5e-06
6e-06
1e-05
1e-05
8e-06
5e-06
4e-06
6e-06
9e-06
9e-06
9e-06
5e-06
1e-05
1.1e-05
7e-06
3e-06
5e-06
6e-06
1.1e-05
9e-06
5e-06
7e-06
5e-06
6e-06
5e-06
5e-06
4e-06
6e-06
8e-06
7e-06
8e-06
6e-06
8e-06
6e-06
6e-06
7e-06
1.4e-05
8e-06
6e-06
9e-06
5e-06
4e-06
4e-06
3e-06
7e-06
8e-06
7e-06
9e-06
6e-06
5e-06
1e-05
6e-06
4e-06
5e-06
4e-06
8e-06
4e-06
1.2e-05
1.2e-05
7e-06
6e-06
1e-05
3e-06
3e-06
7e-06
4e-06
8e-06
6e-06
6e-06
8e-06
8e-06
1e-05
4e-06
8e-06
7e-06
5e-06
8e-06
1.5e-05
7e-06
8e-06
6e-06
4e-06
5e-06
4e-06
6e-06
6e-06
6e-06
7e-06
6e-06
2e-06
3e-06
7e-06
6e-06
6e-06
5e-06
6e-06
9e-06
3e-06
3e-06
3e-06
5e-06
9e-06
4e-06
4e-06
7e-06
7e-06
8e-06
4e-06
8e-06
6e-06
4e-06
6e-06
5e-06
9e-06
6e-06
3e-06
4e-06
2e-06
1e-05
7e-06
6e-06
5e-06
6e-06
4e-06
5e-06
7e-06
8e-06
7e-06
1e-05
3e-06
3e-06
4e-06
3e-06
5e-06
4e-06
6e-06
7e-06
8e-06
8e-06
3e-06
4e-06
6e-06
8e-06
6e-06
1.2e-05
9e-06
6e-06
6e-06
1e-05
4e-06
8e-06
8e-06
1e-06
5e-06
3e-06
3e-06
3e-06
6e-06
4e-06
7e-06
1e-05
1e-05
4e-06
6e-06
8e-06
5e-06
1e-05
4e-06
5e-06
5e-06
2e-06
5e-06
8e-06
7e-06
6e-06
8e-06
8e-06
9e-06
5e-06
9e-06
7e-06
1.1e-05
4e-06
8e-06
0
1e-05
6e-06
3e-06
0
7e-06
8e-06
4e-06
6e-06
5e-06
5e-06
8e-06
4e-06
9e-06
9e-06
7e-06
8e-06
1e-05
3e-06
8e-06
5e-06
4e-06
4e-06
7e-06
4e-06
1e-05
7e-06
1.2e-05
1.4e-05
1e-05
3e-06
8e-06
8e-06
5e-06
3e-06
4e-06
7e-06
1e-05
9e-06
4e-06
7e-06
4e-06
5e-06
7e-06
4e-06
3e-06
6e-06
5e-06
7e-06
3e-06
7e-06
5e-06
9e-06
7e-06
1e-05
4e-06
6e-06
6e-06
9e-06
9e-06
3e-06
8e-06
6e-06
8e-06
5e-06
9e-06
2e-06
6e-06
8e-06
1.1e-05
4e-06
1.1e-05
6e-06
4e-06
4e-06
5e-06
5e-06
2e-06
8e-06
5e-06
3e-06
7e-06
7e-06
2e-06
5e-06
5e-06
4e-06
7e-06
6e-06
6e-06
3e-06
6e-06
8e-06
7e-06
7e-06
1e-05
5e-06
5e-06
6e-06
3e-06
7e-06
8e-06
4e-06
7e-06
3e-06
7e-06
1.3e-05
8e-06
6e-06
3e-06
3e-06
9e-06
5e-06
2e-06
1e-05
7e-06
4e-06
5e-06
7e-06
5e-06
6e-06
7e-06
6e-06
5e-06
5e-06
5e-06
5e-06
4e-06
4e-06
6e-06
8e-06
6e-06
3e-06
5e-06
4e-06
8e-06
5e-06
1.1e-05
9e-06
5e-06
9e-06
2e-06
6e-06
6e-06
3e-06
7e-06
1e-05
6e-06
5e-06
6e-06
5e-06
7e-06
5e-06
6e-06
3e-06
1e-05
6e-06
6e-06
1.1e-05
5e-06
1e-05
2e-06
3e-06
7e-06
6e-06
8e-06
5e-06
1.2e-05
5e-06
6e-06
7e-06
7e-06
2e-06
7e-06
2e-06
1e-05
6e-06
5e-06
3e-06
4e-06
5e-06
1e-05
6e-06
6e-06
1e-05
7e-06
2e-06
1e-05
8e-06
8e-06
7e-06
2e-06
1.1e-05
5e-06
5e-06
7e-06
6e-06
4e-06
6e-06
5e-06
3e-06
1.1e-05
2e-06
2e-06
5e-06
7e-06
1.2e-05
3e-06
8e-06
5e-06
6e-06
2e-06
3e-06
8e-06
6e-06
5e-06
8e-06
3e-06
3e-06
3e-06
4e-06
1.3e-05
5e-06
6e-06
1e-05
8e-06
6e-06
6e-06
5e-06
6e-06
1e-06
5e-06
9e-06
4e-06
5e-06
8e-06
7e-06
4e-06
4e-06
9e-06
3e-06
4e-06
4e-06
9e-06
2e-06
2e-06
8e-06
6e-06
6e-06
4e-06
4e-06
3e-06
7e-06
3e-06
5e-06
8e-06
4e-06
3e-06
4e-06
9e-06
6e-06
5e-06
6e-06
5e-06
9e-06
1.2e-05
8e-06
8e-06
4e-06
6e-06
7e-06
2e-06
4e-06
9e-06
4e-06
7e-06
2e-06
7e-06
8e-06
8e-06
6e-06
6e-06
3e-06
6e-06
6e-06
6e-06
2e-06
2e-06
3e-06
4e-06
8e-06
2e-06
6e-06
4e-06
3e-06
5e-06
6e-06
4e-06
8e-06
4e-06
9e-06
8e-06
1.2e-05
6e-06
2e-06
4e-06
6e-06
4e-06
6e-06
1e-05
3e-06
4e-06
8e-06
7e-06
5e-06
2e-06
4e-06
2e-06
5e-06
5e-06
7e-06
7e-06
9e-06
5e-06
7e-06
6e-06
8e-06
3e-06
5e-06
3e-06
8e-06
5e-06
4e-06
1e-06
2e-06
3e-06
5e-06
6e-06
8e-06
4e-06
8e-06
5e-06
6e-06
5e-06
5e-06
1.2e-05
7e-06
1.2e-05
1e-05
4e-06
5e-06
5e-06
3e-06
3e-06
7e-06
7e-06
4e-06
9e-06
4e-06
9e-06
6e-06
8e-06
8e-06
9e-06
3e-06
1e-05
5e-06
9e-06
5e-06
3e-06
9e-06
4e-06
5e-06
4e-06
4e-06
8e-06
2e-06
4e-06
5e-06
6e-06
7e-06
2e-06
3e-06
4e-06
3e-06
4e-06
5e-06
4e-06
7e-06
2e-06
4e-06
5e-06
3e-06
8e-06
3e-06
9e-06
1e-06
3e-06
5e-06
5e-06
1e-06
3e-06
4e-06
5e-06
5e-06
7e-06
1e-05
7e-06
5e-06
3e-06
6e-06
1.2e-05
8e-06
1.2e-05
8e-06
5e-06
3e-06
4e-06
1e-06
5e-06
6e-06
2e-06
3e-06
5e-06
7e-06
3e-06
4e-06
7e-06
2e-06
5e-06
4e-06
7e-06
6e-06
2e-06
1e-06
6e-06
7e-06
6e-06
7e-06
7e-06
3e-06
6e-06
1.1e-05
7e-06
3e-06
7e-06
8e-06
1.1e-05
2e-06
5e-06
8e-06
4e-06
4e-06
5e-06
6e-06
2e-06
4e-06
3e-06
8e-06
2e-06
5e-06
8e-06
5e-06
7e-06
3e-06
2e-06
5e-06
2e-06
5e-06
5e-06
3e-06
7e-06
4e-06
9e-06
3e-06
9e-06
6e-06
3e-06
1e-05
5e-06
8e-06
1e-06
2e-06
5e-06
6e-06
3e-06
9e-06
8e-06
6e-06
6e-06
9e-06
6e-06
6e-06
6e-06
5e-06
4e-06
8e-06
7e-06
1e-05
8e-06
1e-06
5e-06
4e-06
7e-06
5e-06
6e-06
8e-06
7e-06
5e-06
5e-06
1.1e-05
3e-06
4e-06
6e-06
8e-06
6e-06
3e-06
7e-06
6e-06
7e-06
8e-06
5e-06
5e-06
1e-05
3e-06
1.2e-05
9e-06
7e-06
4e-06
6e-06
6e-06
4e-06
7e-06
7e-06
8e-06
5e-06
5e-06
6e-06
3e-06
5e-06
8e-06
4e-06
5e-06
3e-06
5e-06
7e-06
8e-06
7e-06
6e-06
3e-06
3e-06
1e-06
5e-06
6e-06
1e-06
1e-05
3e-06
4e-06
3e-06
6e-06
5e-06
4e-06
4e-06
6e-06
6e-06
7e-06
6e-06
6e-06
2e-06
5e-06
8e-06
9e-06
5e-06
1e-05
3e-06
6e-06
8e-06
6e-06
4e-06
5e-06
1.1e-05
5e-06
5e-06
7e-06
8e-06
3e-06
3e-06
1e-05
4e-06
5e-06
3e-06
6e-06
6e-06
3e-06
1.1e-05
4e-06
6e-06
7e-06
0
4e-06
6e-06
6e-06
3e-06
6e-06
4e-06
8e-06
5e-06
4e-06
4e-06
0
4e-06
6e-06
5e-06
6e-06
6e-06
2e-06
6e-06
5e-06
4e-06
9e-06
7e-06
6e-06
4e-06
8e-06
2e-06
4e-06
4e-06
8e-06
6e-06
8e-06
3e-06
1.1e-05
5e-06
6e-06
6e-06
2e-06
7e-06
5e-06
5e-06
5e-06
8e-06
7e-06
5e-06
5e-06
6e-06
5e-06
1e-05
7e-06
4e-06
4e-06
2e-06
4e-06
4e-06
1.1e-05
7e-06
4e-06
5e-06
4e-06
4e-06
2e-06
7e-06
7e-06
5e-06
6e-06
2e-06
4e-06
6e-06
5e-06
8e-06
5e-06
8e-06
9e-06
4e-06
6e-06
3e-06
4e-06
5e-06
5e-06
4e-06
7e-06
3e-06
3e-06
4e-06
3e-06
9e-06
7e-06
7e-06
5e-06
3e-06
6e-06
1e-06
4e-06
3e-06
6e-06
6e-06
7e-06
9e-06
2e-06
7e-06
6e-06
4e-06
6e-06
4e-06
4e-06
2e-06
7e-06
7e-06
3e-06
2e-06
7e-06
3e-06
2e-06
2e-06
5e-06
7e-06
3e-06
2e-06
6e-06
5e-06
3e-06
6e-06
4e-06
3e-06
7e-06
5e-06
6e-06
2e-06
4e-06
9e-06
5e-06
2e-06
3e-06
6e-06
5e-06
9e-06
3e-06
2e-06
4e-06
4e-06
3e-06
5e-06
0
5e-06
4e-06
6e-06
6e-06
4e-06
3e-06
9e-06
1e-05
4e-06
9e-06
4e-06
6e-06
6e-06
5e-06
2e-06
4e-06
6e-06
3e-06
7e-06
1e-06
4e-06
5e-06
6e-06
6e-06
6e-06
7e-06
3e-06
6e-06
2e-06
7e-06
1e-06
5e-06
6e-06
5e-06
6e-06
3e-06
5e-06
4e-06
2e-06
3e-06
6e-06
6e-06
5e-06
8e-06
2e-06
4e-06
7e-06
3e-06
4e-06
6e-06
8e-06
2e-06
5e-06
3e-06
2e-06
4e-06
4e-06
6e-06
6e-06
1e-05
8e-06
1e-06
8e-06
4e-06
8e-06
4e-06
5e-06
5e-06
3e-06
7e-06
5e-06
2e-06
6e-06
6e-06
3e-06
5e-06
6e-06
1e-06
4e-06
6e-06
9e-06
3e-06
5e-06
6e-06
6e-06
6e-06
4e-06
6e-06
6e-06
7e-06
4e-06
3e-06
6e-06
3e-06
3e-06
5e-06
6e-06
4e-06
7e-06
3e-06
2e-06
6e-06
4e-06
3e-06
6e-06
8e-06
6e-06
3e-06
0
5e-06
6e-06
2e-06
4e-06
3e-06
2e-06
6e-06
1e-06
6e-06
3e-06
4e-06
8e-06
7e-06
5e-06
3e-06
5e-06
4e-06
3e-06
5e-06
4e-06
5e-06
2e-06
5e-06
3e-06
8e-06
4e-06
3e-06
1e-06
1e-06
5e-06
3e-06
3e-06
5e-06
3e-06
5e-06
4e-06
2e-06
3e-06
5e-06
2e-06
7e-06
5e-06
4e-06
7e-06
4e-06
7e-06
4e-06
5e-06
5e-06
5e-06
5e-06
3e-06
4e-06
5e-06
4e-06
1e-05
5e-06
3e-06
4e-06
4e-06
5e-06
3e-06
5e-06
7e-06
2e-06
6e-06
5e-06
0
8e-06
4e-06
4e-06
3e-06
2e-06
4e-06
3e-06
4e-06
3e-06
7e-06
7e-06
5e-06
4e-06
6e-06
5e-06
4e-06
1e-06
4e-06
4e-06
2e-06
6e-06
6e-06
3e-06
9e-06
2e-06
1e-06
2e-06
7e-06
3e-06
1e-06
6e-06
4e-06
6e-06
7e-06
4e-06
1e-05
3e-06
6e-06
1e-05
6e-06
3e-06
2e-06
6e-06
1e-05
2e-06
2e-06
1e-06
5e-06
6e-06
3e-06
8e-06
6e-06
4e-06
6e-06
2e-06
7e-06
6e-06
6e-06
2e-06
5e-06
5e-06
2e-06
6e-06
9e-06
6e-06
3e-06
6e-06
1e-06
2e-06
5e-06
3e-06
2e-06
3e-06
4e-06
3e-06
8e-06
3e-06
3e-06
2e-06
7e-06
5e-06
3e-06
7e-06
6e-06
6e-06
5e-06
7e-06
2e-06
3e-06
2e-06
0
5e-06
4e-06
3e-06
4e-06
6e-06
8e-06
1e-06
4e-06
4e-06
3e-06
3e-06
4e-06
4e-06
7e-06
6e-06
5e-06
7e-06
3e-06
7e-06
4e-06
4e-06
7e-06
8e-06
5e-06
9e-06
6e-06
2e-06
3e-06
4e-06
6e-06
1e-06
5e-06
4e-06
5e-06
4e-06
3e-06
3e-06
0
1e-06
8e-06
2e-06
4e-06
1e-05
3e-06
5e-06
9e-06
7e-06
7e-06
6e-06
3e-06
5e-06
3e-06
2e-06
2e-06
1e-06
6e-06
5e-06
0
5e-06
2e-06
4e-06
6e-06
2e-06
4e-06
4e-06
4e-06
4e-06
5e-06
1e-06
2e-06
8e-06
6e-06
5e-06
5e-06
2e-06
7e-06
5e-06
5e-06
5e-06
3e-06
2e-06
2e-06
5e-06
2e-06
3e-06
3e-06
4e-06
3e-06
2e-06
4e-06
3e-06
5e-06
5e-06
6e-06
1e-06
1e-06
3e-06
3e-06
2e-06
3e-06
1e-06
1e-06
5e-06
3e-06
4e-06
0
1e-06
4e-06
3e-06
3e-06
5e-06
2e-06
4e-06
3e-06
2e-06
5e-06
5e-06
7e-06
2e-06
2e-06
4e-06
6e-06
2e-06
5e-06
6e-06
5e-06
4e-06
5e-06
9e-06
6e-06
5e-06
7e-06
6e-06
5e-06
1e-06
3e-06
7e-06
2e-06
6e-06
3e-06
3e-06
3e-06
6e-06
7e-06
2e-06
7e-06
5e-06
5e-06
3e-06
3e-06
2e-06
7e-06
3e-06
3e-06
7e-06
4e-06
2e-06
1e-06
2e-06
5e-06
5e-06
4e-06
3e-06
4e-06
1e-06
8e-06
5e-06
5e-06
4e-06
3e-06
5e-06
2e-06
3e-06
7e-06
5e-06
3e-06
5e-06
3e-06
2e-06
1e-06
2e-06
3e-06
8e-06
4e-06
8e-06
5e-06
4e-06
3e-06
1e-06
5e-06
3e-06
1e-06
0
5e-06
1e-06
1e-06
6e-06
1e-06
6e-06
4e-06
1e-06
9e-06
2e-06
2e-06
8e-06
9e-06
3e-06
4e-06
6e-06
6e-06
2e-06
6e-06
6e-06
2e-06
2e-06
3e-06
4e-06
2e-06
2e-06
5e-06
2e-06
3e-06
4e-06
8e-06
6e-06
4e-06
6e-06
1e-06
3e-06
5e-06
3e-06
6e-06
2e-06
5e-06
5e-06
4e-06
4e-06
4e-06
1e-06
7e-06
5e-06
7e-06
3e-06
5e-06
5e-06
1e-06
1e-06
3e-06
2e-06
5e-06
5e-06
7e-06
2e-06
4e-06
3e-06
3e-06
3e-06
7e-06
3e-06
6e-06
4e-06
1e-06
5e-06
2e-06
4e-06
4e-06
1e-06
3e-06
3e-06
4e-06
4e-06
5e-06
3e-06
3e-06
2e-06
9e-06
0
4e-06
6e-06
3e-06
0
5e-06
4e-06
3e-06
2e-06
6e-06
4e-06
7e-06
3e-06
5e-06
3e-06
3e-06
6e-06
2e-06
1e-06
4e-06
3e-06
6e-06
7e-06
6e-06
3e-06
5e-06
6e-06
8e-06
3e-06
2e-06
0
2e-06
5e-06
4e-06
1e-06
3e-06
4e-06
2e-06
0
6e-06
4e-06
2e-06
2e-06
6e-06
5e-06
3e-06
6e-06
2e-06
2e-06
3e-06
6e-06
4e-06
2e-06
4e-06
1e-06
2e-06
5e-06
3e-06
4e-06
3e-06
3e-06
3e-06
3e-06
2e-06
3e-06
6e-06
2e-06
5e-06
0
4e-06
1e-06
5e-06
6e-06
3e-06
7e-06
5e-06
4e-06
5e-06
2e-06
3e-06
4e-06
2e-06
6e-06
3e-06
9e-06
2e-06
2e-06
3e-06
5e-06
6e-06
3e-06
6e-06
2e-06
5e-06
3e-06
3e-06
5e-06
0
5e-06
3e-06
2e-06
3e-06
4e-06
4e-06
2e-06
4e-06
3e-06
1e-06
2e-06
6e-06
6e-06
3e-06
4e-06
0
1e-06
3e-06
3e-06
3e-06
2e-06
5e-06
4e-06
6e-06
7e-06
5e-06
0
6e-06
0
4e-06
6e-06
4e-06
6e-06
2e-06
6e-06
2e-06
3e-06
3e-06
3e-06
4e-06
1e-06
3e-06
3e-06
3e-06
3e-06
4e-06
2e-06
2e-06
5e-06
1e-06
3e-06
3e-06
3e-06
3e-06
4e-06
2e-06
3e-06
4e-06
0
1e-06
3e-06
3e-06
3e-06
1e-06
1e-06
3e-06
4e-06
4e-06
3e-06
2e-06
4e-06
9e-06
2e-06
6e-06
6e-06
6e-06
3e-06
8e-06
5e-06
2e-06
3e-06
1e-06
3e-06
3e-06
5e-06
7e-06
8e-06
5e-06
4e-06
6e-06
2e-06
1e-06
3e-06
2e-06
5e-06
3e-06
7e-06
6e-06
3e-06
3e-06
1e-06
3e-06
1e-06
4e-06
3e-06
2e-06
3e-06
2e-06
4e-06
3e-06
4e-06
6e-06
3e-06
4e-06
2e-06
7e-06
3e-06
2e-06
4e-06
1e-06
5e-06
0
1e-06
1e-06
1e-06
7e-06
4e-06
5e-06
2e-06
3e-06
3e-06
3e-06
0
1e-06
1e-06
4e-06
1e-06
4e-06
5e-06
3e-06
1e-06
1e-06
4e-06
2e-06
3e-06
2e-06
1e-06
3e-06
2e-06
4e-06
5e-06
3e-06
2e-06
4e-06
2e-06
0
5e-06
0
3e-06
1e-06
3e-06
5e-06
6e-06
7e-06
3e-06
6e-06
2e-06
4e-06
6e-06
1e-06
1e-06
3e-06
3e-06
5e-06
5e-06
5e-06
5e-06
3e-06
6e-06
3e-06
3e-06
5e-06
2e-06
2e-06
4e-06
3e-06
1e-06
0
5e-06
3e-06
2e-06
5e-06
6e-06
1e-06
8e-06
0
1e-06
5e-06
2e-06
3e-06
3e-06
3e-06
3e-06
3e-06
6e-06
3e-06
4e-06
2e-06
1e-06
4e-06
3e-06
6e-06
4e-06
3e-06
5e-06
5e-06
4e-06
7e-06
0
1e-06
1e-06
2e-06
2e-06
5e-06
3e-06
2e-06
1e-06
1e-06
5e-06
2e-06
2e-06
6e-06
4e-06
4e-06
1e-06
5e-06
3e-06
3e-06
0
1e-06
3e-06
2e-06
1e-06
4e-06
1e-06
5e-06
2e-06
2e-06
1e-06
4e-06
1e-06
5e-06
3e-06
2e-06
3e-06
7e-06
0
0
5e-06
4e-06
3e-06
2e-06
3e-06
2e-06
2e-06
3e-06
2e-06
7e-06
3e-06
2e-06
2e-06
5e-06
6e-06
1e-06
1e-06
2e-06
3e-06
0
5e-06
1e-06
4e-06
4e-06
5e-06
1e-06
4e-06
3e-06
2e-06
2e-06
1e-06
1e-06
5e-06
4e-06
0
0
2e-06
2e-06
4e-06
4e-06
1e-06
2e-06
2e-06
4e-06
3e-06
4e-06
4e-06
2e-06
1e-06
2e-06
2e-06
4e-06
5e-06
5e-06
2e-06
2e-06
6e-06
1e-06
1e-06
1e-06
0
3e-06
4e-06
1e-06
1e-06
2e-06
3e-06
1e-06
3e-06
0
3e-06
4e-06
1e-06
4e-06
2e-06
4e-06
5e-06
6e-06
5e-06
2e-06
7e-06
1e-06
0
2e-06
1e-06
1e-06
5e-06
2e-06
4e-06
2e-06
5e-06
1e-06
3e-06
3e-06
4e-06
1e-06
0
1e-06
4e-06
5e-06
2e-06
4e-06
4e-06
5e-06
5e-06
5e-06
2e-06
4e-06
3e-06
4e-06
4e-06
2e-06
1e-06
6e-06
3e-06
3e-06
2e-06
1e-06
5e-06
1e-06
2e-06
4e-06
2e-06
2e-06
3e-06
4e-06
5e-06
3e-06
2e-06
2e-06
1e-06
7e-06
3e-06
2e-06
5e-06
3e-06
3e-06
4e-06
0
5e-06
4e-06
2e-06
3e-06
3e-06
3e-06
2e-06
7e-06
2e-06
6e-06
6e-06
2e-06
2e-06
2e-06
4e-06
2e-06
5e-06
3e-06
1e-06
3e-06
2e-06
2e-06
1e-06
4e-06
2e-06
5e-06
1e-06
2e-06
1e-06
1e-06
0
2e-06
3e-06
1e-06
3e-06
3e-06
3e-06
6e-06
4e-06
1e-06
4e-06
0
5e-06
4e-06
4e-06
1e-06
2e-06
0
2e-06
1e-06
6e-06
5e-06
2e-06
2e-06
0
6e-06
6e-06
3e-06
3e-06
4e-06
3e-06
4e-06
0
1e-06
2e-06
2e-06
3e-06
0
0
1e-06
5e-06
0
4e-06
1e-06
3e-06
4e-06
3e-06
4e-06
3e-06
4e-06
3e-06
3e-06
2e-06
2e-06
3e-06
3e-06
4e-06
2e-06
2e-06
3e-06
0
3e-06
4e-06
5e-06
3e-06
1e-06
3e-06
4e-06
5e-06
2e-06
4e-06
1e-06
4e-06
2e-06
2e-06
1e-06
5e-06
4e-06
6e-06
0
2e-06
1e-06
1e-06
0
0
2e-06
5e-06
3e-06
5e-06
1e-06
4e-06
2e-06
1e-06
5e-06
1e-06
4e-06
4e-06
3e-06
1e-06
6e-06
2e-06
3e-06
6e-06
1e-06
4e-06
3e-06
0
2e-06
2e-06
2e-06
1e-06
3e-06
1e-06
1e-06
3e-06
5e-06
2e-06
3e-06
2e-06
2e-06
0
5e-06
2e-06
1e-06
3e-06
5e-06
1e-06
4e-06
7e-06
6e-06
3e-06
2e-06
5e-06
3e-06
2e-06
3e-06
2e-06
2e-06
2e-06
1e-06
0
3e-06
2e-06
1e-06
3e-06
4e-06
4e-06
0
4e-06
2e-06
3e-06
6e-06
2e-06
5e-06
2e-06
4e-06
3e-06
2e-06
3e-06
6e-06
6e-06
4e-06
4e-06
0
0
4e-06
5e-06
1e-06
2e-06
1e-06
1e-06
2e-06
2e-06
3e-06
0
3e-06
4e-06
2e-06
1e-06
2e-06
4e-06
2e-06
5e-06
2e-06
2e-06
2e-06
5e-06
3e-06
3e-06
5e-06
4e-06
1e-06
2e-06
1e-06
2e-06
2e-06
1e-06
3e-06
1e-06
2e-06
3e-06
0
1e-06
1e-06
6e-06
5e-06
4e-06
1e-06
4e-06
2e-06
5e-06
4e-06
4e-06
6e-06
3e-06
3e-06
2e-06
3e-06
5e-06
1e-06
1e-06
4e-06
1e-06
0
2e-06
5e-06
3e-06
3e-06
2e-06
2e-06
3e-06
3e-06
3e-06
2e-06
1e-06
2e-06
3e-06
2e-06
2e-06
4e-06
1e-06
0
4e-06
1e-06
4e-06
1e-06
3e-06
0
3e-06
8e-06
7e-06
4e-06
3e-06
1e-06
2e-06
2e-06
4e-06
5e-06
2e-06
2e-06
4e-06
5e-06
2e-06
1e-06
3e-06
2e-06
2e-06
4e-06
2e-06
3e-06
3e-06
2e-06
2e-06
4e-06
2e-06
2e-06
1e-06
3e-06
1e-06
1e-06
5e-06
3e-06
2e-06
3e-06
0
4e-06
4e-06
5e-06
2e-06
5e-06
0
4e-06
3e-06
1e-06
2e-06
1e-06
1e-06
4e-06
6e-06
5e-06
3e-06
2e-06
1e-06
3e-06
2e-06
3e-06
0
1e-06
1e-06
0
1e-06
1e-06
0
4e-06
0
1e-06
2e-06
2e-06
5e-06
1e-06
4e-06
4e-06
0
4e-06
4e-06
2e-06
0
2e-06
2e-06
1e-06
1e-06
3e-06
1e-06
1e-06
5e-06
2e-06
1e-06
3e-06
3e-06
1e-06
1e-06
5e-06
3e-06
2e-06
5e-06
8e-06
3e-06
3e-06
1e-06
3e-06
5e-06
3e-06
2e-06
2e-06
2e-06
0
3e-06
3e-06
3e-06
2e-06
7e-06
4e-06
3e-06
0
3e-06
2e-06
2e-06
7e-06
2e-06
5e-06
5e-06
2e-06
5e-06
2e-06
5e-06
4e-06
2e-06
2e-06
4e-06
1e-06
1e-06
2e-06
4e-06
1e-06
5e-06
0
3e-06
3e-06
4e-06
2e-06
3e-06
2e-06
3e-06
3e-06
0
3e-06
1e-06
1e-06
2e-06
3e-06
2e-06
8e-06
4e-06
1e-06
2e-06
1e-06
3e-06
0
3e-06
3e-06
3e-06
3e-06
2e-06
0
1e-06
4e-06
3e-06
5e-06
1e-06
2e-06
3e-06
3e-06
2e-06
5e-06
1e-06
5e-06
1e-06
3e-06
0
1e-06
2e-06
2e-06
4e-06
1e-06
6e-06
3e-06
3e-06
3e-06
3e-06
2e-06
1e-06
1e-06
0
0
3e-06
0
3e-06
4e-06
2e-06
3e-06
4e-06
1e-06
1e-06
1e-06
2e-06
2e-06
4e-06
0
4e-06
1e-06
4e-06
1e-06
2e-06
1e-06
0
4e-06
4e-06
2e-06
1e-06
4e-06
2e-06
4e-06
2e-06
1e-06
2e-06
2e-06
4e-06
2e-06
4e-06
2e-06
2e-06
7e-06
3e-06
2e-06
0
4e-06
5e-06
1e-06
4e-06
3e-06
7e-06
2e-06
3e-06
2e-06
1e-06
3e-06
1e-06
0
2e-06
2e-06
2e-06
4e-06
2e-06
6e-06
1e-06
0
2e-06
5e-06
5e-06
2e-06
1e-06
1e-06
2e-06
2e-06
5e-06
0
2e-06
2e-06
2e-06
2e-06
1e-06
1e-06
1e-06
2e-06
2e-06
2e-06
1e-06
4e-06
5e-06
1e-06
1e-06
2e-06
2e-06
3e-06
1e-06
3e-06
1e-06
4e-06
4e-06
0
2e-06
2e-06
3e-06
1e-06
1e-06
2e-06
5e-06
5e-06
1e-06
1e-06
2e-06
2e-06
5e-06
3e-06
1e-06
3e-06
1e-06
2e-06
1e-06
2e-06
2e-06
1e-06
0
0
1e-06
4e-06
3e-06
2e-06
1e-06
2e-06
2e-06
1e-06
2e-06
3e-06
1e-06
2e-06
3e-06
4e-06
2e-06
5e-06
3e-06
3e-06
0
1e-06
2e-06
2e-06
0
2e-06
2e-06
2e-06
1e-06
2e-06
1e-06
0
1e-06
3e-06
4e-06
2e-06
1e-06
3e-06
1e-06
2e-06
0
1e-06
1e-06
0
1e-06
4e-06
2e-06
3e-06
3e-06
1e-06
0
0
4e-06
2e-06
0
2e-06
4e-06
3e-06
3e-06
3e-06
3e-06
2e-06
3e-06
5e-06
0
2e-06
3e-06
6e-06
1e-06
2e-06
0
5e-06
3e-06
2e-06
2e-06
4e-06
3e-06
0
1e-06
3e-06
0
3e-06
2e-06
1e-06
2e-06
3e-06
2e-06
3e-06
1e-06
0
0
1e-06
0
1e-06
2e-06
1e-06
2e-06
0
0
2e-06
5e-06
2e-06
2e-06
4e-06
1e-06
1e-06
0
1e-06
3e-06
1e-06
3e-06
3e-06
2e-06
2e-06
2e-06
0
2e-06
3e-06
2e-06
0
2e-06
2e-06
0
1e-06
5e-06
2e-06
1e-06
3e-06
2e-06
5e-06
4e-06
1e-06
3e-06
0
3e-06
2e-06
3e-06
3e-06
2e-06
3e-06
2e-06
1e-06
1e-06
4e-06
1e-06
1e-06
4e-06
2e-06
1e-06
0
1e-06
4e-06
6e-06
2e-06
1e-06
3e-06
1e-06
2e-06
2e-06
1e-06
3e-06
0
1e-06
2e-06
1e-06
3e-06
1e-06
2e-06
0
3e-06
1e-06
0
2e-06
3e-06
3e-06
1e-06
2e-06
2e-06
0
5e-06
5e-06
2e-06
2e-06
0
1e-06
0
1e-06
2e-06
2e-06
1e-06
1e-06
2e-06
2e-06
3e-06
0
0
1e-06
4e-06
1e-06
3e-06
2e-06
2e-06
1e-06
3e-06
2e-06
3e-06
2e-06
3e-06
0
0
2e-06
2e-06
0
3e-06
3e-06
3e-06
3e-06
4e-06
3e-06
0
3e-06
2e-06
2e-06
2e-06
1e-06
1e-06
1e-06
2e-06
2e-06
2e-06
1e-06
3e-06
1e-06
2e-06
1e-06
2e-06
3e-06
1e-06
1e-06
0
1e-06
2e-06
1e-06
3e-06
1e-06
0
2e-06
0
0
3e-06
2e-06
1e-06
1e-06
3e-06
3e-06
1e-06
3e-06
2e-06
1e-06
1e-06
2e-06
1e-06
2e-06
2e-06
1e-06
3e-06
4e-06
2e-06
1e-06
3e-06
0
3e-06
2e-06
5e-06
2e-06
3e-06
1e-06
0
2e-06
1e-06
0
2e-06
2e-06
1e-06
1e-06
2e-06
0
0
0
0
3e-06
1e-06
1e-06
1e-06
2e-06
1e-06
0
1e-06
3e-06
1e-06
1e-06
2e-06
1e-06
0
5e-06
1e-06
3e-06
5e-06
2e-06
0
0
1e-06
0
0
2e-06
2e-06
2e-06
1e-06
1e-06
2e-06
2e-06
2e-06
2e-06
5e-06
1e-06
2e-06
3e-06
1e-06
0
2e-06
1e-06
1e-06
1e-06
2e-06
1e-06
0
3e-06
2e-06
1e-06
0
0
1e-06
2e-06
0
5e-06
1e-06
4e-06
2e-06
1e-06
3e-06
3e-06
2e-06
2e-06
1e-06
1e-06
1e-06
3e-06
1e-06
3e-06
1e-06
2e-06
2e-06
2e-06
1e-06
1e-06
1e-06
2e-06
3e-06
1e-06
2e-06
1e-06
2e-06
1e-06
3e-06
1e-06
5e-06
1e-06
0
0
1e-06
0
1e-06
2e-06
1e-06
2e-06
2e-06
1e-06
2e-06
1e-06
2e-06
2e-06
3e-06
0
3e-06
2e-06
2e-06
2e-06
3e-06
3e-06
0
2e-06
0
2e-06
1e-06
0
0
1e-06
0
1e-06
3e-06
2e-06
2e-06
1e-06
2e-06
0
2e-06
2e-06
1e-06
4e-06
3e-06
1e-06
1e-06
1e-06
2e-06
1e-06
1e-06
0
2e-06
1e-06
1e-06
1e-06
1e-06
4e-06
1e-06
2e-06
1e-06
8e-06
4e-06
1e-06
1e-06
1e-06
2e-06
3e-06
4e-06
1e-06
4e-06
4e-06
1e-06
1e-06
4e-06
4e-06
2e-06
5e-06
2e-06
3e-06
0
1e-06
2e-06
2e-06
0
1e-06
1e-06
1e-06
4e-06
0
0
3e-06
1e-06
2e-06
3e-06
0
1e-06
2e-06
3e-06
1e-06
3e-06
3e-06
2e-06
3e-06
0
1e-06
1e-06
1e-06
0
2e-06
3e-06
0
2e-06
0
1e-06
0
1e-06
0
1e-06
2e-06
0
0
2e-06
2e-06
3e-06
0
2e-06
2e-06
0
3e-06
3e-06
1e-06
1e-06
5e-06
1e-06
1e-06
1e-06
3e-06
2e-06
0
2e-06
0
3e-06
2e-06
2e-06
2e-06
0
1e-06
0
1e-06
1e-06
2e-06
1e-06
3e-06
0
2e-06
3e-06
1e-06
2e-06
1e-06
3e-06
1e-06
1e-06
1e-06
2e-06
1e-06
3e-06
1e-06
2e-06
2e-06
2e-06
0
0
3e-06
1e-06
1e-06
0
3e-06
1e-06
3e-06
2e-06
3e-06
2e-06
0
3e-06
2e-06
3e-06
1e-06
1e-06
0
2e-06
2e-06
2e-06
1e-06
0
0
1e-06
1e-06
1e-06
0
4e-06
1e-06
3e-06
0
4e-06
1e-06
4e-06
1e-06
2e-06
2e-06
4e-06
3e-06
0
1e-06
2e-06
1e-06
2e-06
6e-06
5e-06
1e-06
0
1e-06
2e-06
0
2e-06
3e-06
2e-06
2e-06
3e-06
1e-06
1e-06
2e-06
0
0
2e-06
1e-06
1e-06
3e-06
1e-06
1e-06
1e-06
3e-06
0
0
3e-06
2e-06
1e-06
1e-06
3e-06
0
4e-06
3e-06
1e-06
0
3e-06
1e-06
1e-06
0
2e-06
0
3e-06
0
1e-06
2e-06
4e-06
1e-06
1e-06
0
6e-06
2e-06
5e-06
0
2e-06
3e-06
1e-06
2e-06
2e-06
3e-06
1e-06
1e-06
2e-06
2e-06
1e-06
1e-06
0
0
1e-06
0
2e-06
2e-06
1e-06
0
1e-06
0
2e-06
1e-06
0
1e-06
3e-06
1e-06
0
1e-06
1e-06
2e-06
1e-06
0
0
0
1e-06
0
3e-06
1e-06
1e-06
1e-06
0
0
3e-06
3e-06
0
1e-06
0
0
3e-06
1e-06
3e-06
2e-06
3e-06
1e-06
3e-06
0
1e-06
3e-06
0
3e-06
0
3e-06
0
2e-06
1e-06
0
3e-06
3e-06
2e-06
1e-06
3e-06
0
2e-06
2e-06
1e-06
3e-06
2e-06
1e-06
1e-06
0
1e-06
1e-06
1e-06
1e-06
2e-06
0
0
1e-06
1e-06
2e-06
3e-06
4e-06
1e-06
1e-06
1e-06
3e-06
0
0
1e-06
1e-06
1e-06
1e-06
1e-06
0
1e-06
1e-06
1e-06
3e-06
0
1e-06
2e-06
1e-06
4e-06
0
1e-06
1e-06
0
2e-06
0
1e-06
2e-06
2e-06
2e-06
2e-06
3e-06
3e-06
1e-06
1e-06
0
1e-06
1e-06
2e-06
1e-06
1e-06
0
2e-06
0
2e-06
3e-06
1e-06
1e-06
0
2e-06
0
2e-06
2e-06
0
1e-06
1e-06
1e-06
0
0
0
0
2e-06
1e-06
3e-06
1e-06
2e-06
0
0
1e-06
1e-06
2e-06
1e-06
0
1e-06
0
0
3e-06
2e-06
3e-06
2e-06
2e-06
2e-06
5e-06
2e-06
3e-06
4e-06
1e-06
4e-06
3e-06
2e-06
0
4e-06
2e-06
2e-06
0
0
3e-06
1e-06
0
1e-06
3e-06
1e-06
3e-06
3e-06
1e-06
1e-06
1e-06
1e-06
1e-06
0
0
0
1e-06
2e-06
1e-06
1e-06
1e-06
3e-06
0
2e-06
0
0
3e-06
2e-06
3e-06
2e-06
1e-06
0
1e-06
3e-06
1e-06
2e-06
1e-06
0
0
3e-06
0
1e-06
2e-06
0
0
0
0
1e-06
2e-06
0
0
1e-06
2e-06
0
0
0
1e-06
2e-06
2e-06
1e-06
0
1e-06
0
0
2e-06
2e-06
1e-06
2e-06
1e-06
1e-06
1e-06
3e-06
1e-06
3e-06
1e-06
3e-06
0
0
1e-06
0
1e-06
0
4e-06
0
0
1e-06
1e-06
2e-06
4e-06
2e-06
0
1e-06
3e-06
0
0
0
1e-06
1e-06
2e-06
2e-06
3e-06
1e-06
0
1e-06
1e-06
0
2e-06
2e-06
1e-06
0
0
3e-06
0
0
0
2e-06
2e-06
2e-06
1e-06
3e-06
1e-06
1e-06
0
2e-06
0
0
1e-06
1e-06
3e-06
1e-06
4e-06
2e-06
1e-06
1e-06
1e-06
2e-06
6e-06
0
2e-06
2e-06
2e-06
0
0
2e-06
1e-06
3e-06
2e-06
1e-06
1e-06
1e-06
3e-06
3e-06
3e-06
0
2e-06
2e-06
0
0
0
0
3e-06
0
1e-06
1e-06
1e-06
1e-06
1e-06
1e-06
1e-06
3e-06
2e-06
0
0
3e-06
1e-06
2e-06
0
0
1e-06
1e-06
0
2e-06
2e-06
1e-06
0
2e-06
1e-06
2e-06
1e-06
0
1e-06
0
1e-06
2e-06
1e-06
1e-06
0
2e-06
0
3e-06
1e-06
2e-06
2e-06
4e-06
1e-06
0
3e-06
0
2e-06
2e-06
2e-06
0
0
0
1e-06
1e-06
0
3e-06
3e-06
0
1e-06
3e-06
5e-06
1e-06
0
3e-06
1e-06
1e-06
1e-06
0
0
2e-06
2e-06
0
1e-06
2e-06
0
1e-06
3e-06
1e-06
0
2e-06
1e-06
1e-06
0
2e-06
1e-06
1e-06
0
2e-06
1e-06
0
1e-06
1e-06
1e-06
0
2e-06
1e-06
2e-06
2e-06
1e-06
1e-06
1e-06
1e-06
2e-06
2e-06
1e-06
0
0
2e-06
1e-06
1e-06
0
1e-06
1e-06
2e-06
2e-06
4e-06
2e-06
0
0
5e-06
2e-06
1e-06
0
4e-06
3e-06
0
1e-06
0
3e-06
2e-06
3e-06
2e-06
2e-06
1e-06
0
0
0
1e-06
3e-06
1e-06
0
0
2e-06
1e-06
0
1e-06
1e-06
0
2e-06
2e-06
0
0
0
3e-06
2e-06
0
3e-06
1e-06
0
0
0
1e-06
1e-06
1e-06
1e-06
0
0
0
2e-06
0
0
1e-06
0
1e-06
1e-06
0
0
1e-06
0
2e-06
1e-06
1e-06
0
0
2e-06
0
1e-06
4e-06
1e-06
0
0
1e-06
0
2e-06
1e-06
0
0
0
1e-06
0
0
2e-06
1e-06
0
0
1e-06
1e-06
0
2e-06
0
1e-06
2e-06
3e-06
1e-06
0
2e-06
2e-06
0
2e-06
1e-06
3e-06
0
1e-06
1e-06
1e-06
4e-06
3e-06
1e-06
2e-06
0
2e-06
0
1e-06
0
0
1e-06
2e-06
1e-06
1e-06
1e-06
4e-06
4e-06
4e-06
1e-06
0
2e-06
1e-06
1e-06
1e-06
2e-06
3e-06
0
0
3e-06
0
1e-06
0
2e-06
2e-06
0
0
0
1e-06
0
1e-06
1e-06
0
0
1e-06
0
2e-06
1e-06
0
1e-06
0
1e-06
0
1e-06
0
0
0
0
0
0
2e-06
0
2e-06
1e-06
2e-06
4e-06
1e-06
1e-06
3e-06
2e-06
3e-06
1e-06
0
0
1e-06
1e-06
3e-06
2e-06
0
1e-06
0
2e-06
0
1e-06
0
1e-06
0
0
0
4e-06
4e-06
0
2e-06
1e-06
1e-06
1e-06
2e-06
2e-06
0
1e-06
1e-06
0
1e-06
3e-06
2e-06
0
2e-06
1e-06
1e-06
1e-06
0
3e-06
1e-06
0
0
1e-06
0
0
1e-06
1e-06
2e-06
0
0
2e-06
1e-06
1e-06
0
2e-06
0
3e-06
1e-06
0
2e-06
1e-06
0
1e-06
0
2e-06
0
0
0
1e-06
1e-06
0
2e-06
3e-06
3e-06
0
3e-06
1e-06
1e-06
0
1e-06
0
1e-06
0
1e-06
1e-06
1e-06
1e-06
2e-06
0
0
2e-06
3e-06
1e-06
0
3e-06
0
1e-06
2e-06
2e-06
1e-06
0
0
0
0
0
0
1e-06
0
1e-06
0
0
2e-06
2e-06
2e-06
2e-06
0
2e-06
1e-06
0
0
0
1e-06
1e-06
0
1e-06
2e-06
3e-06
0
1e-06
0
3e-06
2e-06
1e-06
2e-06
0
3e-06
2e-06
2e-06
2e-06
0
0
4e-06
1e-06
0
1e-06
2e-06
0
0
0
2e-06
1e-06
1e-06
1e-06
1e-06
2e-06
0
2e-06
1e-06
2e-06
1e-06
4e-06
1e-06
1e-06
0
0
0
0
0
0
2e-06
5e-06
0
2e-06
0
1e-06
2e-06
0
1e-06
1e-06
0
0
1e-06
1e-06
1e-06
2e-06
1e-06
1e-06
0
1e-06
1e-06
1e-06
2e-06
2e-06
1e-06
0
1e-06
0
0
2e-06
0
0
0
0
1e-06
1e-06
2e-06
1e-06
2e-06
2e-06
3e-06
0
1e-06
1e-06
0
3e-06
1e-06
1e-06
0
1e-06
0
0
1e-06
0
2e-06
1e-06
2e-06
1e-06
1e-06
2e-06
0
1e-06
0
1e-06
0
1e-06
2e-06
0
2e-06
1e-06
3e-06
1e-06
0
2e-06
3e-06
1e-06
0
1e-06
0
2e-06
1e-06
0
0
1e-06
0
0
0
1e-06
1e-06
1e-06
1e-06
1e-06
1e-06
2e-06
0
2e-06
2e-06
2e-06
0
1e-06
1e-06
1e-06
0
1e-06
0
2e-06
2e-06
0
1e-06
0
0
1e-06
1e-06
1e-06
2e-06
1e-06
5e-06
0
1e-06
1e-06
0
0
2e-06
0
0
1e-06
0
0
0
0
0
0
1e-06
0
0
0
1e-06
0
0
1e-06
2e-06
0
2e-06
1e-06
1e-06
0
1e-06
0
0
2e-06
1e-06
3e-06
0
0
0
0
0
1e-06
1e-06
1e-06
1e-06
1e-06
2e-06
0
0
2e-06
1e-06
0
1e-06
1e-06
1e-06
0
0
2e-06
1e-06
2e-06
3e-06
1e-06
2e-06
1e-06
0
1e-06
1e-06
0
0
0
1e-06
0
1e-06
0
1e-06
1e-06
0
1e-06
1e-06
0
0
1e-06
1e-06
0
0
1e-06
1e-06
3e-06
0
2e-06
2e-06
1e-06
1e-06
0
2e-06
0
0
0
0
0
2e-06
1e-06
1e-06
0
1e-06
1e-06
0
1e-06
2e-06
1e-06
0
1e-06
0
2e-06
1e-06
1e-06
0
0
0
1e-06
1e-06
1e-06
0
1e-06
1e-06
0
0
0
1e-06
2e-06
2e-06
1e-06
1e-06
0
1e-06
1e-06
1e-06
0
0
0
2e-06
0
0
1e-06
3e-06
0
1e-06
0
0
1e-06
0
1e-06
1e-06
2e-06
2e-06
0
0
0
2e-06
3e-06
0
1e-06
0
1e-06
0
2e-06
0
2e-06
0
1e-06
0
0
0
3e-06
0
1e-06
2e-06
0
0
2e-06
2e-06
0
0
0
2e-06
1e-06
1e-06
4e-06
1e-06
1e-06
2e-06
1e-06
1e-06
2e-06
1e-06
0
0
0
0
3e-06
2e-06
0
1e-06
1e-06
1e-06
0
3e-06
2e-06
2e-06
0
0
0
0
1e-06
0
2e-06
0
0
1e-06
1e-06
0
0
1e-06
0
1e-06
1e-06
1e-06
2e-06
0
0
1e-06
1e-06
0
3e-06
0
2e-06
0
3e-06
1e-06
2e-06
0
0
2e-06
1e-06
1e-06
0
0
2e-06
1e-06
0
0
0
0
2e-06
2e-06
1e-06
1e-06
1e-06
2e-06
0
1e-06
0
2e-06
1e-06
1e-06
0
4e-06
0
0
1e-06
1e-06
1e-06
2e-06
0
1e-06
0
0
1e-06
1e-06
0
1e-06
1e-06
0
1e-06
2e-06
1e-06
0
0
0
0
2e-06
0
2e-06
0
2e-06
0
2e-06
2e-06
1e-06
0
0
2e-06
1e-06
1e-06
1e-06
2e-06
0
1e-06
0
2e-06
0
2e-06
1e-06
0
1e-06
1e-06
0
1e-06
1e-06
0
1e-06
0
1e-06
4e-06
1e-06
0
1e-06
1e-06
0
1e-06
0
0
0
1e-06
0
0
0
0
0
0
0
2e-06
0
1e-06
0
1e-06
0
0
0
1e-06
1e-06
2e-06
2e-06
1e-06
0
0
1e-06
3e-06
1e-06
1e-06
1e-06
1e-06
2e-06
1e-06
1e-06
1e-06
0
0
1e-06
1e-06
0
0
1e-06
0
1e-06
1e-06
2e-06
0
0
0
1e-06
0
1e-06
1e-06
0
0
0
3e-06
1e-06
1e-06
1e-06
1e-06
1e-06
2e-06
2e-06
2e-06
1e-06
2e-06
0
0
0
1e-06
0
0
0
0
1e-06
1e-06
1e-06
0
1e-06
1e-06
1e-06
1e-06
0
0
1e-06
2e-06
0
0
0
0
0
1e-06
0
1e-06
2e-06
0
1e-06
0
0
0
0
0
0
0
0
1e-06
0
0
1e-06
0
1e-06
1e-06
0
1e-06
1e-06
1e-06
0
0
0
0
1e-06
0
1e-06
0
0
0
1e-06
1e-06
0
0
1e-06
0
0
0
0
0
0
0
0
0
1e-06
0
1e-06
0
1e-06
1e-06
0
0
0
2e-06
0
1e-06
0
1e-06
1e-06
0
1e-06
1e-06
0
1e-06
0
0
3e-06
2e-06
1e-06
0
0
0
0
0
0
2e-06
0
0
2e-06
3e-06
2e-06
0
1e-06
1e-06
1e-06
1e-06
0
1e-06
0
0
1e-06
0
0
0
0
0
1e-06
3e-06
0
2e-06
0
1e-06
0
2e-06
0
0
1e-06
0
1e-06
1e-06
0
2e-06
0
3e-06
0
1e-06
1e-06
0
0
0
0
0
1e-06
0
0
0
2e-06
1e-06
1e-06
0
1e-06
1e-06
0
0
0
3e-06
1e-06
0
2e-06
1e-06
2e-06
0
0
0
1e-06
2e-06
0
1e-06
1e-06
1e-06
1e-06
2e-06
1e-06
1e-06
1e-06
0
0
1e-06
1e-06
1e-06
0
0
1e-06
0
0
1e-06
0
1e-06
1e-06
0
2e-06
0
1e-06
1e-06
0
0
0
0
0
1e-06
2e-06
0
1e-06
1e-06
1e-06
1e-06
0
0
2e-06
0
0
0
1e-06
0
1e-06
1e-06
1e-06
0
1e-06
1e-06
0
1e-06
0
0
2e-06
0
0
2e-06
0
0
0
1e-06
0
0
0
1e-06
1e-06
1e-06
0
0
1e-06
2e-06
1e-06
0
0
0
1e-06
1e-06
0
1e-06
1e-06
3e-06
0
0
0
0
2e-06
1e-06
1e-06
0
1e-06
0
2e-06
0
1e-06
1e-06
0
0
0
2e-06
0
0
0
0
0
0
1e-06
0
1e-06
1e-06
1e-06
0
1e-06
0
0
0
0
0
1e-06
1e-06
0
0
1e-06
2e-06
0
2e-06
1e-06
0
0
1e-06
0
1e-06
0
0
1e-06
0
1e-06
0
1e-06
1e-06
1e-06
0
2e-06
0
0
0
0
2e-06
1e-06
1e-06
0
1e-06
2e-06
0
1e-06
3e-06
0
1e-06
0
2e-06
3e-06
0
0
1e-06
0
1e-06
0
0
0
1e-06
0
0
0
1e-06
0
2e-06
0
0
1e-06
1e-06
0
0
2e-06
1e-06
0
0
1e-06
0
0
0
0
0
1e-06
0
1e-06
0
0
1e-06
1e-06
0
3e-06
0
2e-06
1e-06
1e-06
0
1e-06
0
0
1e-06
0
0
0
0
0
0
1e-06
0
0
1e-06
1e-06
0
0
0
0
0
0
0
0
0
0
0
0
0
0
2e-06
0
1e-06
1e-06
2e-06
0
0
0
0
2e-06
0
3e-06
1e-06
3e-06
1e-06
0
0
0
0
0
1e-06
1e-06
1e-06
0
0
1e-06
1e-06
0
0
0
1e-06
0
0
0
0
0
0
0
0
0
0
1e-06
1e-06
0
0
1e-06
0
1e-06
0
0
0
0
1e-06
0
1e-06
0
0
0
0
1e-06
1e-06
1e-06
0
0
1e-06
1e-06
1e-06
0
1e-06
0
0
2e-06
0
1e-06
0
0
0
1e-06
0
0
0
0
0
0
0
0
2e-06
0
0
0
1e-06
1e-06
0
0
0
0
0
0
0
1e-06
1e-06
2e-06
0
0
0
1e-06
0
0
0
1e-06
1e-06
1e-06
0
0
0
1e-06
0
0
0
2e-06
1e-06
0
0
0
0
0
1e-06
1e-06
0
0
0
0
0
1e-06
0
0
1e-06
0
0
0
0
1e-06
0
0
0
0
1e-06
1e-06
1e-06
0
0
0
0
1e-06
0
0
1e-06
0
0
0
0
0
0
0
0
0
0
1e-06
0
0
0
0
0
1e-06
2e-06
1e-06
2e-06
0
1e-06
0
1e-06
0
1e-06
0
1e-06
0
1e-06
0
0
1e-06
2e-06
0
0
0
0
0
0
1e-06
1e-06
0
0
0
0
2e-06
1e-06
2e-06
0
0
0
0
0
1e-06
1e-06
0
0
2e-06
0
1e-06
0
0
0
0
0
1e-06
1e-06
0
0
1e-06
0
0
0
0
0
0
0
0
0
0
0
0
0
2e-06
0
1e-06
0
1e-06
2e-06
0
0
1e-06
0
1e-06
0
0
0
0
1e-06
1e-06
1e-06
0
0
0
0
0
0
0
0
0
0
0
1e-06
0
1e-06
1e-06
1e-06
1e-06
1e-06
0
0
0
0
0
0
0
1e-06
0
0
2e-06
2e-06
0
0
2e-06
1e-06
1e-06
1e-06
0
1e-06
0
0
0
0
0
1e-06
0
0
0
1e-06
1e-06
2e-06
1e-06
2e-06
0
0
0
0
1e-06
0
0
0
0
0
1e-06
0
0
0
1e-06
2e-06
0
1e-06
0
0
0
0
1e-06
0
0
0
0
2e-06
0
0
1e-06
0
0
0
2e-06
1e-06
0
0
0
0
0
0
1e-06
0
0
2e-06
0
0
0
0
0
2e-06
0
0
0
1e-06
0
0
0
0
0
0
1e-06
0
0
0
0
0
0
1e-06
0
1e-06
0
0
0
0
1e-06
0
2e-06
1e-06
0
0
0
0
0
1e-06
0
0
0
0
1e-06
0
0
1e-06
0
0
0
0
3e-06
0
0
1e-06
1e-06
0
0
0
1e-06
0
0
0
0
0
0
0
0
0
0
1e-06
0
0
0
0
1e-06
0
0
0
1e-06
1e-06
0
0
0
0
0
1e-06
0
2e-06
0
0
0
0
1e-06
0
0
0
1e-06
0
0
0
0
0
0
0
0
0
1e-06
1e-06
0
0
0
0
1e-06
0
0
0
1e-06
0
1e-06
0
0
1e-06
0
0
1e-06
0
0
0
0
0
1e-06
0
0
1e-06
0
0
1e-06
1e-06
0
0
0
0
1e-06
2e-06
0
1e-06
0
1e-06
1e-06
0
0
0
0
0
0
1e-06
0
0
0
0
2e-06
0
0
0
0
0
0
0
0
0
0
0
1e-06
0
0
1e-06
0
0
0
0
0
1e-06
0
0
1e-06
1e-06
0
0
0
0
0
0
0
0
0
0
0
1e-06
1e-06
1e-06
1e-06
0
0
2e-06
1e-06
0
0
0
1e-06
0
0
0
0
0
0
0
1e-06
0
1e-06
0
0
0
0
0
0
0
0
0
0
0
0
2e-06
0
0
0
1e-06
0
0
0
0
0
0
0
0
0
0
0
0
0
0
2e-06
0
0
0
0
1e-06
0
0
0
0
1e-06
0
1e-06
0
0
0
0
1e-06
0
1e-06
0
0
0
0
0
0
0
0
0
0
0
0
0
0
0
1e-06
1e-06
1e-06
0
0
0
0
0
1e-06
1e-06
0
0
0
0
0
0
0
0
0
0
0
0
0
0
1e-06
1e-06
2e-06
1e-06
0
0
0
0
1e-06
0
0
1e-06
0
0
1e-06
0
0
1e-06
0
1e-06
0
0
0
0
0
0
0
1e-06
1e-06
1e-06
0
0
0
1e-06
0
1e-06
0
0
0
0
1e-06
0
0
1e-06
0
1e-06
0
0
0
0
0
0
0
0
0
1e-06
1e-06
0
0
0
0
1e-06
0
0
1e-06
1e-06
0
0
0
0
1e-06
0
1e-06
0
0
0
1e-06
0
1e-06
0
1e-06
0
1e-06
1e-06
1e-06
0
0
0
1e-06
0
0
0
2e-06
0
2e-06
0
0
1e-06
0
1e-06
0
0
0
0
0
0
1e-06
1e-06
0
0
2e-06
1e-06
1e-06
0
0
0
0
1e-06
0
0
0
0
0
0
1e-06
0
0
0
0
0
0
0
0
1e-06
0
1e-06
1e-06
0
0
0
0
0
1e-06
0
0
0
0
0
0
0
1e-06
0
0
0
0
0
0
0
1e-06
0
1e-06
1e-06
0
1e-06
0
0
1e-06
0
0
1e-06
1e-06
0
1e-06
0
0
0
0
0
1e-06
0
0
1e-06
1e-06
1e-06
0
1e-06
0
0
0
0
0
0
2e-06
1e-06
0
0
0
0
0
0
1e-06
1e-06
0
0
0
2e-06
1e-06
1e-06
0
0
1e-06
0
0
2e-06
0
0
0
0
0
0
0
0
1e-06
0
0
0
0
1e-06
0
0
1e-06
0
0
0
0
0
0
1e-06
0
1e-06
0
0
0
1e-06
1e-06
2e-06
0
0
0
0
1e-06
1e-06
0
0
0
1e-06
0
0
0
0
0
2e-06
1e-06
0
1e-06
0
0
0
0
0
0
0
1e-06
1e-06
0
0
0
1e-06
0
0
0
0
0
0
0
1e-06
0
0
1e-06
0
0
0
0
0
0
0
1e-06
1e-06
1e-06
0
1e-06
0
0
0
0
0
0
0
0
0
0
0
0
1e-06
0
0
0
0
0
0
0
0
0
0
0
0
1e-06
1e-06
0
0
0
0
0
0
0
0
0
0
0
0
0
0
0
0
0
0
0
0
0
0
0
0
0
0
0
0
1e-06
0
0
0
0
0
1e-06
0
0
0
1e-06
0
0
0
0
0
0
0
0
0
1e-06
0
0
1e-06
0
1e-06
0
1e-06
1e-06
0
1e-06
0
0
0
0
0
0
0
1e-06
1e-06
0
0
0
0
0
0
0
0
1e-06
0
0
0
0
0
0
0
0
0
0
0
0
0
0
0
0
0
1e-06
0
1e-06
0
0
1e-06
0
1e-06
0
0
0
0
0
0
0
0
0
1e-06
0
0
0
0
0
1e-06
0
0
0
0
0
0
0
1e-06
0
0
0
0
0
0
1e-06
0
0
0
0
0
1e-06
0
0
0
0
0
0
0
1e-06
0
1e-06
1e-06
0
0
0
0
0
0
0
1e-06
0
1e-06
0
0
1e-06
0
0
0
0
1e-06
0
0
0
0
0
0
0
0
1e-06
0
0
0
0
0
0
0
0
1e-06
1e-06
0
0
0
0
1e-06
0
0
1e-06
0
0
0
0
0
1e-06
0
0
0
0
0
0
0
0
0
0
0
0
0
0
0
0
0
0
0
0
0
0
0
0
0
1e-06
1e-06
0
0
0
0
0
0
0
1e-06
0
0
0
1e-06
0
0
1e-06
0
0
1e-06
0
0
0
0
1e-06
0
1e-06
0
0
0
0
0
0
2e-06
0
0
0
0
0
0
1e-06
0
0
1e-06
0
1e-06
0
0
0
0
0
0
0
0
0
0
0
0
0
1e-06
0
0
0
0
1e-06
0
0
0
0
0
0
0
0
0
0
0
0
1e-06
0
0
1e-06
0
0
0
0
0
0
0
1e-06
0
0
0
0
0
0
0
0
0
0
0
0
0
0
0
1e-06
0
0
0
0
0
0
0
1e-06
1e-06
0
1e-06
1e-06
0
0
1e-06
1e-06
0
0
0
1e-06
0
0
2e-06
0
0
0
0
0
1e-06
0
1e-06
0
0
0
1e-06
0
0
0
0
0
0
1e-06
0
0
0
0
0
0
0
0
0
0
1e-06
0
0
0
1e-06
0
0
0
0
0
0
0
0
0
1e-06
0
1e-06
0
0
0
1e-06
0
0
0
0
0
1e-06
0
0
0
0
0
0
0
0
0
0
1e-06
0
1e-06
0
0
0
0
0
0
0
1e-06
0
0
0
0
0
0
1e-06
0
0
0
0
0
0
0
0
0
0
0
0
0
0
1e-06
0
1e-06
0
1e-06
0
0
0
1e-06
0
0
0
0
0
0
0
0
0
0
0
0
0
0
0
1e-06
0
0
0
0
0
0
0
0
1e-06
0
0
0
0
0
0
0
0
1e-06
0
0
2e-06
0
1e-06
0
0
0
0
0
0
0
0
0
0
0
0
1e-06
0
0
0
0
0
1e-06
0
0
0
0
0
0
0
0
0
0
0
0
0
0
0
0
0
0
0
0
2e-06
0
1e-06
0
0
1e-06
0
0
0
0
0
0
0
0
0
0
1e-06
0
0
0
0
0
0
0
0
0
0
0
0
0
0
0
0
0
1e-06
0
0
0
0
0
0
0
0
0
0
0
0
0
0
0
0
0
0
0
0
0
0
0
0
0
0
0
0
0
0
0
0
0
0
0
1e-06
0
1e-06
1e-06
1e-06
0
0
0
0
0
0
1e-06
0
0
0
0
0
0
0
0
0
0
0
0
0
0
0
0
0
0
0
0
0
0
0
0
0
2e-06
0
0
0
0
0
1e-06
0
1e-06
0
0
0
0
0
1e-06
0
0
0
0
0
0
0
1e-06
0
0
0
0
0
0
0
0
1e-06
0
0
0
0
0
0
1e-06
0
0
0
0
0
0
0
0
0
0
0
0
0
0
0
1e-06
0
0
0
0
0
0
0
0
1e-06
0
0
0
0
0
0
0
0
0
0
1e-06
0
0
0
0
0
0
0
0
0
0
1e-06
1e-06
1e-06
0
0
0
0
0
0
1e-06
0
0
1e-06
0
1e-06
0
0
0
0
0
1e-06
0
0
0
0
0
0
0
0
0
0
0
0
0
0
0
0
0
0
0
0
0
0
0
0
2e-06
0
0
0
0
0
0
0
0
0
0
0
0
0
0
0
0
0
0
0
0
1e-06
1e-06
0
0
0
1e-06
0
0
1e-06
0
0
0
0
0
0
0
0
1e-06
1e-06
0
0
0
0
0
0
0
0
1e-06
0
1e-06
0
1e-06
1e-06
0
0
0
0
0
0
0
0
0
0
0
0
0
0
0
0
0
0
0
0
0
0
0
0
0
0
1e-06
0
0
0
1e-06
0
0
1e-06
0
0
0
0
0
0
0
0
0
0
2e-06
0
0
0
0
0
1e-06
0
0
0
0
0
0
0
0
0
0
0
1e-06
0
1e-06
0
0
0
0
0
0
0
0
0
1e-06
0
1e-06
0
0
0
0
0
0
0
0
0
0
0
0
0
0
0
0
0
0
1e-06
1e-06
0
0
0
0
1e-06
0
0
0
0
0
1e-06
1e-06
0
0
0
0
0
0
0
0
0
0
0
0
0
0
1e-06
0
0
0
0
0
0
0
0
0
0
0
0
0
1e-06
0
0
0
0
0
0
0
1e-06
0
0
1e-06
0
0
0
0
0
0
0
0
1e-06
0
0
0
0
1e-06
0
0
0
0
0
0
0
0
0
0
0
0
0
0
1e-06
1e-06
1e-06
0
0
0
0
0
0
0
0
0
0
0
0
0
0
0
0
0
0
0
0
0
0
0
0
0
0
0
0
0
1e-06
0
1e-06
0
0
1e-06
0
0
0
0
1e-06
0
0
0
0
0
0
0
0
0
0
0
0
0
1e-06
0
0
0
0
0
0
0
0
0
1e-06
0
1e-06
0
0
0
0
0
1e-06
0
0
0
1e-06
0
0
0
0
0
0
0
0
0
0
0
0
0
1e-06
0
0
0
1e-06
1e-06
1e-06
0
0
0
0
0
0
0
0
0
0
0
0
0
0
0
0
0
0
0
0
0
0
0
0
0
0
0
0
0
0
0
0
1e-06
0
0
0
1e-06
0
0
0
1e-06
0
0
0
0
0
0
0
1e-06
0
0
0
0
0
0
0
0
0
0
0
0
0
0
0
0
0
1e-06
0
0
0
0
0
0
0
0
0
0
0
0
0
0
0
0
0
0
0
0
0
0
0
0
0
0
0
0
0
0
0
0
0
0
0
0
0
0
0
0
0
0
0
0
0
0
1e-06
0
0
0
0
0
0
0
0
1e-06
0
0
0
0
0
0
0
0
0
0
0
0
1e-06
0
0
0
0
0
0
0
0
0
0
0
1e-06
0
0
0
0
0
0
0
0
0
0
1e-06
0
0
0
0
0
0
0
0
0
0
0
0
0
0
0
0
0
0
0
0
0
0
0
0
0
0
0
0
0
0
0
0
0
0
0
0
0
0
0
0
0
0
0
1e-06
0
0
0
0
0
0
0
0
0
0
0
0
0
0
0
0
0
0
0
0
0
0
0
0
0
0
0
0
0
0
0
0
0
0
0
0
0
0
0
0
0
0
0
0
0
0
1e-06
1e-06
0
0
0
0
0
0
0
0
0
0
0
0
0
0
0
0
0
0
0
0
0
0
0
0
0
0
0
0
0
0
0
0
0
0
0
0
0
0
0
0
0
0
1e-06
0
0
1e-06
0
0
0
0
0
0
0
0
0
0
0
0
0
0
0
1e-06
0
0
0
1e-06
0
0
0
0
0
0
0
0
0
0
0
0
0
0
0
0
0
0
0
0
0
0
0
0
0
0
0
0
0
0
0
0
0
0
0
0
0
0
0
1e-06
0
0
0
0
0
0
0
0
0
0
0
0
0
0
0
0
0
0
0
0
0
0
0
0
1e-06
0
0
0
0
1e-06
0
0
0
0
0
0
0
1e-06
0
0
0
0
0
0
0
0
0
1e-06
0
0
0
0
0
0
0
0
0
0
0
0
0
0
0
0
0
0
0
0
0
0
0
0
0
0
0
0
0
0
0
0
0
0
0
0
0
0
0
0
0
0
0
0
0
0
0
0
0
0
0
0
0
0
0
0
0
0
0
0
0
0
0
0
0
0
0
0
0
0
0
0
0
0
0
0
0
0
0
0
0
0
0
0
0
0
0
0
0
1e-06
0
0
0
0
0
0
0
0
0
0
0
0
0
0
0
0
0
0
0
0
0
0
0
0
0
0
0
0
0
1e-06
0
0
0
0
1e-06
0
0
0
0
0
0
0
0
0
0
0
0
0
0
0
0
0
0
0
0
0
0
0
0
0
0
0
0
0
0
0
1e-06
0
1e-06
0
0
0
0
0
0
0
0
0
0
1e-06
0
0
0
0
0
0
0
0
0
1e-06
0
1e-06
0
1e-06
0
0
0
0
0
0
0
0
0
0
0
0
0
0
0
0
0
1e-06
0
0
0
0
0
0
0
0
0
0
0
0
0
0
0
0
0
0
0
0
0
0
0
0
0
0
0
0
0
0
0
0
0
0
0
0
0
0
1e-06
0
1e-06
0
0
0
0
0
0
0
1e-06
0
0
0
0
0
0
0
0
1e-06
0
0
1e-06
0
0
0
0
0
0
0
0
0
0
0
0
0
0
0
1e-06
1e-06
0
0
0
0
0
1e-06
0
0
0
0
0
0
0
0
0
0
0
0
0
0
0
0
0
0
0
0
0
0
0
0
0
0
0
0
0
0
0
0
0
0
0
0
0
0
0
0
1e-06
0
0
1e-06
0
0
0
0
0
0
0
1e-06
0
0
0
0
0
0
0
0
0
0
0
0
0
0
0
0
0
0
0
0
0
0
0
0
0
0
0
0
0
0
0
0
0
0
0
0
0
0
0
0
0
0
0
0
0
0
0
0
0
0
0
0
0
0
0
0
1e-06
0
0
0
0
0
0
0
0
0
0
0
0
0
0
0
0
0
0
0
0
0
0
0
0
0
0
0
0
0
0
0
0
0
0
0
0
0
0
0
0
0
0
0
0
0
0
0
0
0
0
0
0
0
0
0
0
0
0
0
1e-06
0
0
0
0
0
0
0
0
0
0
0
0
0
0
0
0
0
0
0
0
0
0
0
0
0
0
0
0
0
0
0
0
0
0
0
0
0
0
0
0
0
0
0
0
0
0
0
0
0
0
0
0
0
1e-06
0
0
0
0
0
0
1e-06
0
0
0
0
0
0
0
0
0
0
0
0
0
0
0
0
0
0
1e-06
0
0
0
0
0
0
0
0
0
0
0
0
0
0
0
0
0
0
1e-06
0
0
0
0
0
0
0
0
0
0
0
0
0
0
0
0
0
0
0
0
0
0
0
0
0
0
0
0
0
0
0
1e-06
0
0
0
0
0
0
0
0
0
0
0
0
1e-06
0
0
0
0
0
0
0
0
0
0
0
0
0
0
0
0
0
0
0
0
0
0
0
1e-06
0
0
0
0
0
0
0
0
0
0
0
0
0
0
0
0
0
0
0
0
0
0
0
0
0
0
0
0
0
0
0
0
0
0
0
0
0
0
0
0
0
0
0
0
0
0
0
0
0
0
0
0
0
0
0
0
0
0
0
0
0
0
0
0
0
0
0
0
0
0
0
0
0
1e-06
0
0
0
0
0
0
0
0
0
0
0
0
0
0
0
0
0
0
0
0
0
0
0
0
0
0
0
0
0
0
0
0
0
0
0
0
0
0
0
0
0
0
0
0
0
0
0
0
0
0
0
0
0
0
0
0
0
0
0
0
0
0
0
0
0
0
0
0
0
1e-06
0
0
0
0
0
0
0
0
0
0
0
0
0
0
0
0
0
1e-06
0
0
0
0
0
0
0
1e-06
0
0
0
0
0
0
0
0
0
0
0
0
0
0
0
0
0
0
0
0
0
0
0
0
0
0
0
0
0
0
0
0
0
0
0
0
1e-06
0
1e-06
1e-06
0
0
0
0
0
0
0
0
0
0
0
0
0
0
0
0
0
0
0
0
0
0
0
0
0
0
0
0
0
0
0
1e-06
0
0
0
0
0
0
0
0
0
0
0
0
0
0
0
0
0
0
0
0
0
0
0
0
0
0
0
0
0
0
0
0
0
0
0
0
0
0
0
0
0
0
0
0
0
0
0
0
0
0
0
0
0
0
0
0
0
1e-06
0
0
0
1e-06
0
0
0
0
0
0
0
1e-06
0
0
0
0
0
0
0
0
0
0
0
0
0
0
0
0
0
0
0
0
0
0
0
0
0
0
0
0
0
0
0
0
0
0
0
0
0
0
0
0
0
0
0
0
0
0
0
0
0
0
0
0
0
0
0
0
0
0
0
0
0
0
0
0
0
0
0
0
0
0
0
0
0
0
0
0
0
0
0
0
0
0
0
0
0
0
0
0
0
0
0
0
0
1e-06
0
0
0
0
0
0
0
0
0
0
0
0
0
0
0
0
0
0
0
0
0
0
0
0
1e-06
0
0
0
0
0
1e-06
0
0
0
0
0
0
0
0
0
0
0
0
0
0
0
0
0
0
0
0
0
0
0
0
0
0
0
0
0
0
0
0
0
0
0
0
0
0
0
0
0
0
0
0
0
0
0
0
0
0
0
0
0
0
0
0
0
0
0
0
0
0
0
0
0
0
0
0
0
0
0
0
0
0
0
0
1e-06
0
0
0
0
0
0
0
0
0
0
0
0
0
0
0
0
0
0
0
0
0
0
0
0
0
0
0
0
0
0
0
0
0
0
0
0
0
0
0
0
0
0
0
0
0
0
0
0
0
0
0
1e-06
0
0
0
0
0
0
0
0
0
0
0
0
0
0
0
0
0
0
0
0
0
0
0
0
0
0
0
0
0
0
0
0
0
0
0
0
1e-06
0
0
0
0
0
0
0
0
0
0
0
0
1e-06
0
0
0
0
1e-06
0
0
0
0
0
0
0
0
0
0
0
0
0
0
0
0
0
0
0
0
0
0
0
0
0
0
0
0
0
0
0
0
0
0
0
0
0
0
0
0
1e-06
0
0
0
0
0
0
0
0
0
0
0
0
0
0
0
0
0
0
0
0
0
0
0
0
0
0
0
0
0
0
0
0
0
0
0
0
0
0
0
1e-06
0
0
0
0
0
0
0
0
0
0
0
0
0
0
0
0
0
0
0
0
0
0
0
0
0
0
0
0
0
0
0
0
0
0
0
0
0
0
0
0
0
0
0
0
0
0
0
0
0
0
0
0
0
0
0
0
0
0
0
0
0
0
0
0
0
0
0
0
0
0
0
0
0
0
0
0
0
0
0
0
1e-06
0
0
0
1e-06
0
0
0
0
0
0
0
0
0
0
0
0
0
0
0
0
0
0
0
0
0
0
0
0
0
0
0
0
0
0
0
0
0
0
0
0
0
0
0
0
0
0
0
0
0
0
0
0
0
0
0
0
0
0
0
0
0
0
0
0
0
0
0
0
0
0
0
0
0
0
0
0
0
0
0
1e-06
0
0
0
0
0
0
0
0
0
0
0
0
0
0
0
0
0
0
0
0
0
0
0
0
0
0
0
0
0
0
0
0
0
0
0
0
0
0
0
0
1e-06
0
0
0
0
0
0
0
0
0
0
0
0
0
0
0
0
0
1e-06
0
0
0
0
0
0
0
0
0
0
0
0
0
0
0
1e-06
0
0
0
0
0
0
0
0
0
0
0
0
0
0
0
0
0
0
0
0
0
0
0
0
0
0
0
0
0
0
0
0
0
0
0
0
0
0
0
0
0
0
1e-06
0
0
0
0
0
0
0
0
0
0
0
0
0
0
0
0
0
0
0
0
0
0
0
0
0
0
0
0
0
0
0
0
0
0
0
0
0
0
0
1e-06
0
0
0
0
0
0
0
0
0
0
0
0
0
0
0
0
0
0
0
0
0
0
0
0
0
0
0
0
0
0
0
0
0
0
0
0
0
0
0
0
0
0
0
0
0
0
0
0
0
0
0
0
0
0
0
0
0
0
0
0
0
0
0
0
0
0
0
0
0
0
0
0
0
0
0
0
0
0
0
0
0
0
0
0
0
0
0
0
0
0
0
0
0
0
0
0
0
0
0
0
0
0
0
0
0
0
0
0
0
0
1e-06
0
0
0
0
0
0
0
0
0
0
0
0
0
0
1e-06
0
0
0
0
0
0
0
0
0
0
0
0
0
0
0
1e-06
0
0
0
0
0
0
0
0
0
0
0
0
0
0
0
0
0
0
0
0
0
0
0
0
0
0
0
0
0
0
0
0
0
0
0
0
0
0
0
0
0
0
0
0
0
0
0
0
0
0
0
0
0
0
0
0
0
0
0
0
0
0
0
0
0
0
0
0
0
0
0
0
0
0
0
0
0
0
1e-06
0
0
0
0
0
0
0
0
0
0
0
0
0
0
0
0
0
0
0
0
0
0
0
0
0
0
0
0
0
0
0
0
1e-06
0
0
0
0
0
0
0
0
0
0
0
0
0
0
0
0
0
0
0
0
0
0
0
0
0
0
0
0
0
0
0
0
0
0
0
0
0
0
0
0
0
0
0
0
0
0
0
0
0
0
0
0
0
0
0
0
0
0
0
0
0
0
0
0
0
0
0
0
0
0
0
0
0
0
0
0
0
0
0
0
0
0
0
0
0
0
0
0
0
0
0
0
0
0
0
0
0
0
0
0
0
0
0
0
0
0
0
0
0
0
0
0
0
0
0
0
0
0
0
0
0
0
0
0
0
0
0
0
0
0
0
0
0
0
0
0
0
0
0
0
0
0
0
0
0
0
0
0
0
0
0
0
0
0
0
0
0
0
0
0
0
0
0
0
0
0
0
0
0
0
0
0
0
0
0
0
0
0
0
0
0
0
0
0
0
0
0
0
0
0
0
0
0
0
0
0
0
0
0
0
0
0
0
0
0
0
0
0
0
0
0
1e-06
0
0
0
0
0
0
0
0
0
0
0
0
0
0
0
0
0
0
0
0
0
0
0
0
0
0
0
0
0
0
0
0
1e-06
0
0
0
0
0
0
0
0
0
0
0
0
0
0
0
0
0
0
0
0
0
0
0
0
0
0
0
0
0
0
0
0
0
0
0
0
0
0
0
0
0
0
0
0
0
0
0
0
0
0
0
0
0
0
0
0
0
0
0
0
0
0
0
0
0
0
0
0
0
0
0
0
0
0
0
0
0
0
0
0
0
0
0
0
0
0
0
0
0
0
0
0
0
0
0
0
0
0
0
0
0
0
0
0
0
0
0
0
0
0
0
0
0
0
0
0
0
0
0
0
0
0
0
0
0
0
0
0
0
0
0
0
0
0
0
0
0
0
0
0
0
0
0
0
0
0
0
0
0
1e-06
0
0
0
0
0
0
0
0
0
0
0
0
0
0
0
0
0
0
0
0
0
0
0
0
0
0
0
0
0
0
0
0
0
0
0
0
0
0
0
0
0
0
0
0
0
0
0
0
0
0
0
0
0
0
0
0
0
0
0
0
0
0
0
0
0
0
0
0
0
0
0
0
0
0
0
0
0
0
0
0
0
0
0
0
0
0
0
0
0
0
0
0
0
0
0
0
0
0
0
0
0
0
0
0
0
0
0
0
0
0
0
0
0
0
0
0
0
0
0
0
0
0
0
0
0
0
0
0
0
0
0
0
0
0
0
0
0
0
0
0
0
0
0
0
0
0
0
0
0
0
0
0
0
0
0
0
0
0
0
0
0
0
